Zadanie 1:
55
6765
832040
102334155

Zadanie 2:
2
3
5
13
89
233
1597
28657
514229

Zadanie 3:
1
1
10
11
101
1000
1101
10101
100010
110111
1011001
10010000
11101001
101111001
1001100010
1111011011
11000111101
101000011000
1000001010101
1101001101101
10101011000010
100010100101111
110111111110001
1011010100100000
10010010100010001
11101101000110001
101111111101000010
1001101100101110011
1111101100010110101
11001011001000101000
101001000101011011101
1000010011110100000101
1101011100011111100010
10101110000010011100111
100011001100110011001001
111000111101000110110000
1011100001001111001111001
10010101000111000000101001
11110001010000111010100010
110000110010111111011001011

Zadanie 4:
101111001
10101011000010
1011010100100000
10010010100010001
