1 2
2 3
5 3
2 4
15 5
6 10
6 5
216 630
1 1
73 42
196 420
300 210
511 525
332 210
38 70
11 12
247 126
235 210
50 30
2 6
88 140
234 735
512 350
50 42
1 3
1 2
63 35
12 14
25 45
241 210
201 210
75 70
195 210
95 105
5 21
14 10
20 21
190 105
59 75
7 10
212 525
20 15
39 105
59 1470
4158 4410
20 15
53 105
15 15
414 420
52 70
89 70
599 980
10 7
2594 2205
135 210
54 42
237 210
30 30
2108 3150
71 42
7497 4410
850 1050
9 7
59 42
75 105
4 10
64 35
75 84
310 630
165 90
31 30
66 35
2 1
960 525
26 75
602 350
628 2940
297 315
140 105
2 1
37 35
8 6
112 75
2730 1470
80 42
14 45
2 1
95 70
414 210
66 35
542 315
31 30
881 490
114 126
5690 7350
190 105
83 42
68 70
27 15
854 588
1332 1575
98 84
54 45
68 42
4 2
20 12
149 175
31 30
530 420
124 126
1134 980
4 2
58 36
16 14
10 15
3 6
24 60
80 42
255 210
55 60
939 980
4 12
80 45
17 15
8 70
1347 3150
196 315
7 4
1 5
2179 1260
32 210
2 30
63 210
37 42
1 225
481 294
26 70
100 105
2 12
104 140
1 3
19 15
190 100
154 105
52 70
14 35
55 50
21 90
159 84
1858 1260
6 30
146 210
4 18
219 252
90 90
7 10
103 105
29 15
1636 1050
20 10
17 21
147 210
12 7
74 150
635 420
52 105
105 140
26 14
16 12
3 3
2379 3150
401 350
406 210
1 6
70 35
80 105
6 14
139 90
12 10
1261 700
177 100
19 30
25 35
1 1
26 30
871 1050
23 42
16 14
7 6
298 225
10 14
10 14
4 14
37 30
383 315
59 42
633 1050
32 70
43 900
1 30
672 630
40 70
2 14
149 525
16 14
15 21
2 15
34 42
20 42
647 350
6 6
53 63
36 42
132 105
5 5
709 2100
15 210
2431 1470
8 150
364 210
58 30
402 2450
120 63
3 2
14 30
2 15
26 14
182 175
11 21
1330 1260
2 30
154 105
58 30
6 4
32 35
50 30
963 2100
9 5
6 7
9 7
26 20
30 210
682 630
73 150
935 630
1171 630
354 735
461 350
274 210
27 588
2229 1470
1 2
4 9
360 420
1 42
112 210
12 6
3 45
30 63
545 420
66 42
491 315
10 7
53 84
22 14
1 2
4 6
23 21
77 45
14 9
86 126
1 15
11 10
2 5
7 30
61 210
32 70
148 75
31 90
22 30
989 1470
330 210
38 90
6 14
54 210
455 252
130 210
2 10
24 15
10 7
10 42
30 30
3 84
13 126
7 5
3 2
8 5
7 105
4 6
95 210
15 50
1227 1225
136 70
745 1050
1040 525
6 20
147 105
1 10
17 15
102 150
3 15
6 6
60 105
17 10
9 7
57 30
3 6
4 2
41 30
77 70
384 630
46 70
43 150
3 7
8 14
14 42
259 420
2 2
7 6
13 7
44 30
6 6
33 60
190 140
281 525
11 12
60 49
55 45
123 70
2 3
25 30
101 63
8 28
19 10
4 10
1 2
120 210
29 42
7 6
153 105
17 210
2 1
20 42
162 105
18 30
16 210
941 630
28 30
19 21
104 70
73 210
1549 1050
4 7
3 2
46 294
118 70
102 105
16 25
13 21
12 30
16 30
21 21
228 210
5 5
18 10
61 450
243 175
4 2
11 21
650 525
32 210
20 140
2 6
44 30
227 150
11 6
20 14
5013 3150
67 42
7 7
9 15
2 15
412 1050
341 210
29 21
12 7
371 210
1334 735
892 450
129 1050
968 980
293 210
85 60
85 70
4 10
487 588
618 630
205 105
289 175
10 350
502 700
1 15
1797 1260
20 10
41 21
1574 1050
27 35
58 70
403 1050
10 45
2 5
15 90
7 21
2085 1575
13 10
195 150
31 20
4807 3150
13 9
92 84
13 84
126 70
3 4
7 7
50 210
49 35
13 7
14 7
4 15
18 12
21 20
53 42
373 294
201 210
101 210
7 30
9 14
98 105
26 15
108 210
73 588
90 105
6 14
169 90
11 35
13 9
264 630
4 10
23 42
1064 1050
79 105
568 420
31 60
50 35
59 30
247 150
15 210
136 210
46 30
35 18
8 14
4786 4410
40 105
29 35
11 10
5 7
117 210
6 5
2076 1050
213 210
175 210
978 1575
10 105
3 20
1 2
2005 1050
31 90
63 210
60 45
4 700
8 6
640 525
73 70
2952 2100
218 210
22 90
28 14
1839 1470
6 3
73 42
2 1
890 882
1 4
269 175
10 84
140 70
24 12
3 45
2015 1050
4 21
9 10
2 14
34 35
41 147
85 70
64 35
166 140
540 525
34 21
652 350
17 126
674 441
164 105
493 1050
5 6
36 30
6 70
524 11025
196 315
1606 980
145 450
2645 1470
1 14
16 35
2 1
161 90
20 10
10 7
46 30
18 12
29 45
43 70
338 210
307 315
683 420
129 315
141 105
31 35
132 210
229 210
3 6
7 42
13 42
43 210
36 30
56 30
1724 1050
19 18
9964 6300
89 70
41 105
318 450
36 35
162 150
43 35
62 105
395 735
379 525
583 630
5 14
61 45
93 126
2 5
98 210
3 7
160 105
1 1
171 420
863 1050
6 7
1112 900
12 6
39 150
10 5
10 6
2918 1575
54 105
518 450
44 70
29 210
948 630
133 70
23 14
682 1050
38 60
24 21
957 630
1 49
388 210
39 28
10 7
16 70
51 210
330 210
70 70
277 294
32 42
27 42
282 420
28 14
410 350
1385 3150
785 420
2 6
39 210
38 21
507 294
4 7
141 350
67 42
4 105
6 15
50 75
165 210
485 630
22 14
494 300
422 525
61 42
9 30
47 140
66 35
2 1
5 6
23 42
2 5
845 1050
35 30
21 30
7 4
31 35
70 42
274 210
137 105
212 210
3793 2100
475 588
142 210
15 30
1 14
25 35
126 210
12 60
64 35
73 105
151 150
6277 4410
2 2
40 210
571 300
8 42
29 18
34 21
340 175
97 75
8 10
110 70
5 6
243 588
10 30
177 210
469 315
14 10
47 210
5 14
61 1050
445 300
63 84
57 75
53 315
8 9
5176 3150
13 28
46 35
6 30
28 35
2947 2100
86 210
807 630
13 35
9 45
17 10
591 6300
1601 1050
18 70
23 21
155 450
161 350
22 15
229 126
17 14
479 525
63 126
41 42
1 2
131 98
269 420
395 210
48 210
244 196
3 2
123 210
140 126
239 140
8 5
45 35
2 1
13 10
27 15
24 105
9054 7350
121 70
7 10
12 6
321 210
23 12
2 3
50 35
254 150
27 15
43 42
598 630
71 105
26 18
180 210
12 10
4 84
1506 7350
43 35
248 147
18 10
3032 3150
106 147
618 420
117 105
28 50
64 42
233 350
29 21
3 5
18 30
1219 1050
51 30
3 35
103 105
133 210
10 15
39 21
55 420
8 35
60 98
271 147
28 14
11 105
11 6
8 21
4 2
116 84
323 420
146 75
315 735
1653 1050
2 3
141 90
6 21
1806 2940
176 315
395 210
1 15
130 700
73 105
813 450
9952 6300
1 5
18 12
1 2
36 20
108 60
5 3
111 105
12 7
17 10
27 35
89 50
14 25
345 210
1 1
79 75
30 30
93 70
905 525
6 15
45 42
49 50
43 1050
328 1470
84 105
136 105
271 300
22 14
3 4
14 15
5259 3675
69 105
11 18
90 70
127 210
2 6
50 30
6 3
33 35
404 210
94 105
18 42
19 35
22 28
238 210
1293 1470
90 210
16 30
192 105
249 210
2 3
62 35
983 1050
13 50
203 126
55 30
37 30
38 28
75 210
2 2
2 7
173 105
130 210
351 210
30 42
19 35
13 7
16 30
884 588
60 105
17 35
64 42
495 525
36 105
79 70
2 6
14 30
370 210
178 210
27 21
18 15
299 315
139 70
188 126
303 210
6 5
24 30
60 42
245 1050
2 1
35 42
2 7
1241 1050
3 5
81 42
18 147
7 21
87 100
589 420
418 210
3 3
26 42
36 30
69 210
13 35
9 20
450 252
417 210
18 21
159 90
128 210
1192 1260
50 42
116 245
479 420
80 98
1585 1470
1 1
92 150
30 21
247 140
3 2
34 18
124 90
8 30
23 14
19 25
46 70
43 126
34 105
8 5
16 60
1849 1050
113 100
4 2
70 84
73 70
61 210
177 1575
113 105
4 2
131 70
10 21
159 90
8 49
423 420
1 6
21 70
24 42
222 210
42 70
45 30
2 2
11 10
346 735
199 105
771 420
21 14
248 525
70 35
5 10
83 42
279 150
128 1470
3 4
3 10
11 14
12 21
10 14
243 175
28 28
2 1
2526 2450
20 70
3 5
256 210
259 1050
272 210
690 1050
2 10
160 150
247 147
185 420
1 3
21 30
25 30
49 28
198 126
1 3
69 49
1927 3675
7 1575
66 70
65 105
13 10
6 126
99 50
30 630
115 70
91 70
10 12
52 30
2 450
139 126
65 126
143 105
175 105
24 14
25 105
39 21
3 14
17 42
242 210
21 12
3 15
66 42
182 105
94 210