369362
786999
809
384264
107595
989532
460959
421690
993176
706953
914836
988027
57663
167854
925041
869103
739
546408
982663
40
585473
391000
266312
366844
95907
633608
802443
682
889499
708295
529635
668
732406
857779
140404
916580
86
723740
726804
803263
756
896731
246947
137400
858178
822513
811216
609232
154010
910366
250731
118714
347947
659448
991036
809224
958039
415475
874750
360511
753646
766230
559390
964315
659327
692340
451713
883454
723025
358663
909663
131072
321093
143015
218680
999037
818509
890974
388953
49044
506966
4555
221418
724720
863095
150910
820490
829140
278891
583885
396769
373122
568116
633706
776033
435657
248310
702027
148922
807833
925
167814
981593
189483
211088
901374
902731
19041
603568
477389
933191
709968
967521
505531
613948
378743
964485
201942
308314
299136
696824
135036
527356
346543
438864
488260
973682
476
658737
273275
719992
500702
452153
407
777998
640271
372980
142071
573839
10107
894997
16141
922946
604027
886364
313770
301386
705811
711853
898527
540
461817
176771
552057
828016
546555
122257
560130
516164
814202
451097
378882
672452
307936
273287
822629
385309
880340
288025
680562
37110
314963
561712
979704
633
17298
212455
856498
135151
568923
589970
977470
89534
448017
780322
886409
512116
868386
821648
541459
209547
139307
500932
433641
484386
179249
745273
446486
156408
216953
