          8.000           5.000          40.815
         22.623          21.558          50.000
         53.551          38.508          25.663
         63.429          42.655          18.844
         77.352          48.799          20.286
         80.274          52.627          16.127
        178.318         128.106          23.993
        191.501         140.711           8.379
        197.073         143.275          13.129
        225.933         267.089          28.782
        229.961         275.113          25.865
        250.165         285.607          36.585
        263.258         299.855          32.525
        279.928         315.488          16.200
        287.817         326.358           7.087
        292.736         328.879           5.000
        296.122         330.587           7.395
        297.243         331.171           6.369
        301.066         333.794           5.912
        302.504         337.391           7.119
        297.064         350.973          40.536
        310.564         366.610          38.865
        333.937         386.775          68.695
        339.444         393.017          62.455
        345.785         402.862          54.211
        354.196         419.897          68.534
        372.047         452.340          54.373
        269.677         573.161          24.610
        278.644         578.089          29.560
        286.146         585.259          20.234
        289.032         589.152          15.476
        178.146         626.648          41.035
        185.413         631.631          35.167
        206.051         640.918          33.267
        222.958         647.012          28.448
        240.205         657.325          35.980
        184.191         776.298           6.666
        188.672         779.109           7.411
        189.341         780.554           5.994
        190.579         783.641           5.000
        192.735         786.619           7.148
        195.876         791.959           5.000
        196.731         792.915           6.194
        199.225         793.927           5.492
        201.085         794.877           6.014
        204.615         798.666           5.000
        206.959         800.386           6.095
        211.192         803.262           5.000
        156.881         855.793          10.309
        161.532         860.253           7.328
        162.363         860.573           7.152
        166.858         862.472           6.107
        168.362         863.255           6.929
        169.910         863.879           8.307
        171.021         866.068          10.704
        171.446         867.103           9.630
        174.214         869.200           9.470
        177.919         876.285           9.096
        181.256         883.070           9.226
        184.513         888.703          13.841
        194.069         892.531          13.893
        202.148         900.066          24.836
        219.468         906.073          15.635
        224.873         908.588          19.759
        237.461         916.391          10.374
        243.392         918.518          13.522
        251.147         921.574          19.894
        261.947         935.144           5.000
        263.893         936.967           5.000
        265.104         939.544           5.000
        265.808         939.774           5.000
        267.670         940.542           5.000
        268.349         940.981           5.223
        268.846         941.240           5.277
        271.320         943.485           5.000
        273.727         944.326           5.000
        276.187         946.986           6.247
        279.903         948.766           5.000
        282.194         951.041           5.000
        282.670         951.982           5.778
        284.672         954.487           6.658
        288.724         955.861           5.037
        290.371         957.673           6.045
        293.616         960.446           6.574
        359.090         989.575          43.716
        363.620         999.962          38.174
        388.236        1021.861          11.753
        393.160        1023.594          16.197
        398.387        1029.123          23.123
        405.107        1044.130          17.586
        415.098        1051.153          10.749
        419.164        1059.373           7.665
        421.352        1060.921           6.004
        422.471        1062.957           5.063
        424.311        1063.931           5.760
        426.937        1066.154           7.414
        431.093        1069.941           5.000
        431.312        1070.466           5.000
        434.147        1073.179           6.349
        435.890        1074.011           8.236
        438.368        1077.029           5.470
        441.912        1078.992           8.328
        335.375        1134.945          47.583
        337.956        1139.314          42.801
        354.260        1146.488          50.000
        381.473        1166.995          45.819
        399.729        1189.481          44.082
        413.790        1213.408          26.772
        420.110        1223.215          18.894
        429.775        1226.437          16.334
        432.297        1231.333          19.696
        436.712        1241.788          27.122
        443.630        1258.555          27.662
        453.939        1265.643          31.323
        459.796        1271.647          26.418
        473.430        1288.795          32.328
        496.106        1305.381          18.293
        497.399        1307.736          20.578
        503.818        1316.486          18.413
        512.392        1323.140          10.079
        515.640        1325.107          11.184
        519.419        1332.835          15.522
        529.539        1336.741          21.700
        546.166        1342.304          24.985
        553.496        1346.332          31.357
        562.826        1351.131          30.928
        571.306        1374.966          13.993
        573.458        1380.073          11.763
        574.151        1381.543          12.513
        584.085        1386.593           7.696
        586.059        1389.606           7.846
        588.002        1395.455           5.000
        589.846        1396.114           6.355
        593.238        1399.636           5.000
        595.018        1401.158           5.000
        596.523        1402.597           5.000
        597.463        1403.419           5.000
        597.955        1403.582           5.296
        600.144        1407.426           5.000
        601.297        1408.575           6.455
        604.163        1411.318           5.000
        604.462        1412.182           5.000
        605.632        1412.998           5.881
        609.444        1415.880          10.612
        611.477        1417.853          10.697
        617.443        1424.307           5.483
        619.209        1426.830           5.422
        621.931        1429.901           5.000
        623.399        1431.291           5.000
        624.147        1432.698           5.000
        626.366        1436.353           6.489
        628.041        1437.995           7.856
        632.704        1440.303          11.838
        638.290        1444.302          17.329
        643.279        1457.121          28.468
        680.101        1461.241          70.115
        696.973        1470.091          67.936
        751.609        1490.678          67.936
        776.741        1502.544          67.936
        826.195        1531.019          67.936
        851.419        1547.707          67.936
        873.671        1563.911          91.923
        895.109        1622.768         117.936
        933.493        1662.934          71.755
        950.262        1712.175          67.936
        981.352        1738.200          99.743
       1046.367        1771.000         117.936
       1073.150        1807.081          75.735
       1085.233        1812.190          74.366
       1114.605        1825.479         106.359
       1128.781        1837.000         117.936
       1202.204        1902.104         117.936
       1217.071        1944.096         117.936
       1239.410        1958.600          97.361
       1263.144        1999.539         117.936
       1319.875        2065.313          67.936
       1336.819        2075.442          74.599
       1352.952        2081.928          68.031
       1395.408        2104.294          81.218
       1419.886        2139.032          75.962
       1427.485        2146.292          68.057
       1470.311        2180.158          67.936
       1500.455        2203.687          90.372
       1515.571        2240.747          67.936
       1541.183        2260.583          80.977
       1577.808        2312.391         117.936
       1617.712        2366.984         117.936
       1698.907        2433.027         117.936
       1750.677        2451.601         103.774
       1759.818        2469.938          96.032
       1770.127        2475.464          93.751
       1800.988        2510.570         117.936
       1827.142        2581.686          87.460
       1876.422        2622.084          67.936
       1911.981        2646.464          67.936
       1918.640        2661.367          73.235
       1957.670        2689.488          91.564
       1981.828        2719.474          67.936
       2010.315        2739.078          67.936
       2022.156        2764.330          78.375
       2055.290        2779.211          94.366
       2068.234        2784.462          86.636
       2091.734        2856.527          67.936
       2104.194        2878.116          67.936
       2111.816        2891.367          67.936
       2128.262        2931.618          67.936
       2178.888        2961.438          67.936
       2220.554        2989.736          91.486
       2227.967        3007.976          95.403
       2255.722        3038.139          92.577
       2275.348        3096.644          67.936
       2294.653        3106.502          72.810
       2326.078        3154.719         117.936
       2358.152        3231.529         117.936
       2425.562        3263.708          68.001
       2434.651        3269.197          67.936
       2459.314        3293.293          98.537
       2479.302        3306.096          77.999
       2498.828        3322.578          67.936
       2513.788        3368.565          84.783
       2547.373        3388.633          88.027
       2599.755        3431.773         115.623
       2610.507        3448.436         106.474
       2635.451        3503.673          67.936
       2640.855        3509.636          67.936
       2664.928        3522.383          67.936
       2704.122        3558.178          72.703
       2710.200        3564.490          67.936
       2740.776        3602.627          81.345
       2750.343        3617.129          70.198
       2760.732        3632.024          84.182
       2789.010        3648.885          89.193
       2821.907        3704.965         117.936
       2886.230        3782.246          84.504
       2925.227        3801.658          67.936
       2936.132        3824.881          89.777
       2950.096        3836.674          79.497
       2978.170        3880.906          67.936
       2993.893        3911.473          67.936
       3031.689        3937.492          69.808
       3038.772        3945.866          77.148
       3047.431        3951.472          77.147
       3181.001        4081.885          29.145
       3188.275        4101.899          12.887
       3190.959        4102.777          11.483
       3200.098        4107.034          15.655
       3207.054        4116.199           6.041
       3208.820        4117.698           5.999
       3211.474        4121.000           6.528
       3212.676        4124.691           9.977
       3213.906        4126.157           9.183
       3215.943        4130.076           5.868
       3217.525        4133.370           5.000
       3220.399        4135.986           8.304
       3222.736        4138.709          11.376
       3224.993        4141.945          13.659
       3227.855        4147.813          16.036
       3235.761        4159.272           8.866
       3238.347        4163.681           5.740
       3240.016        4166.221           5.261
       3242.498        4170.212           5.000
       3243.056        4170.535           5.149
       3244.775        4173.478           7.445
       3256.013        4185.578          55.673
       3274.712        4204.153          30.003
       3280.207        4214.857          25.890
       3284.995        4225.876          25.890
       3291.967        4231.932          25.890
       3302.843        4236.243          37.246
       3317.371        4256.652          34.387
       3331.344        4281.870          25.890
       3346.581        4293.340          34.184
       3354.724        4300.860          32.433
       3370.099        4317.401          48.871
       3373.807        4320.599          53.034
       3379.322        4323.566          55.971
       3387.519        4332.467          56.495
       3405.382        4375.228          50.311
       3410.733        4381.035          54.997
       3423.154        4404.439          72.254
       3470.170        4427.690          66.419
       3490.622        4436.139          67.360
       3509.481        4471.342          75.890
       3548.707        4524.804          75.890
       3606.360        4546.146          75.890
       3623.150        4552.343          69.990
       3643.400        4563.632          47.619
       3658.769        4589.446          34.595
       3678.777        4608.091          49.284
       3703.858        4620.140          67.758
       3744.251        4656.721          75.890
       3755.106        4676.360          64.999
       3775.854        4705.952          42.436
       3785.066        4710.427          35.384
       3786.345        4713.932          35.961
       3799.420        4719.489          33.683
       3805.907        4723.996          32.693
       3813.331        4743.026          25.890
       3827.972        4757.686          25.890
       3834.149        4760.247          26.419
       3842.941        4773.770          25.890
       3855.343        4788.328          25.890
       3876.741        4795.316          41.115
       3885.859        4799.949          50.366
       3891.667        4805.754          57.125
       3901.956        4835.520          33.323
       3916.041        4860.469          32.703
       3935.277        4877.483          25.890
       3944.423        4882.263          32.308
       3948.846        4890.209          33.489
       3962.362        4910.113          25.890
       3978.219        4920.238          25.890
       3986.453        4924.295          25.890
       3987.474        4926.859          25.890
       3991.529        4929.360          25.890
       4002.649        4935.812          34.066
       4025.963        4946.098          27.039
       4031.720        4949.468          33.291
       4037.118        4954.014          29.272
       4050.390        4961.510          35.492
       4054.648        4969.087          34.318
       4058.977        4974.426          29.691
       4061.898        4975.596          31.821
       4070.371        4983.076          40.195
       4079.704        4992.150          28.740
       4086.425        4997.861          25.890
       4093.315        5012.752          32.214
       4101.705        5015.764          25.890
       4111.746        5019.341          31.515
       4123.578        5024.595          28.346
       4136.872        5035.190          25.890
       4139.870        5042.745          25.890
       4147.897        5054.903          25.890
       4157.308        5059.334          25.890
       4164.934        5064.262          30.847
       4177.219        5088.861          25.890
       4193.678        5227.952          30.503
       4195.229        5231.774          30.397
       4207.686        5245.510          47.215
       4237.511        5268.859          50.000
       4270.200        5283.053          42.005
       4279.288        5310.533          40.004
       4296.945        5338.273          24.312
       4311.377        5348.666          19.954
       4316.771        5363.010          11.183
       4325.128        5367.147          12.596
       4329.965        5372.574          15.775
       4334.246        5374.428          16.242
       4346.345        5381.148          23.936
       4358.368        5386.865          27.610
       4366.229        5396.562          37.569
       4371.768        5402.731          32.383
       4376.981        5407.935          29.045
       4393.461        5413.459          40.600
       4405.551        5445.027          50.000
       4416.656        5466.370          45.125
       4425.121        5477.021          45.499
       4445.762        5489.745          50.000
       4474.936        5517.985          45.126
       4489.107        5537.550          44.621
       4498.963        5552.489          32.217
       4503.350        5554.543          30.255
       4510.256        5564.875          35.940
       4519.264        5571.453          27.870
       4530.310        5577.677          15.309
       4535.631        5587.625          11.034
       4537.568        5588.432          10.911
       4539.834        5591.018          13.322
       4550.495        5595.159          22.868
       4566.796        5604.209          36.710
       4592.464        5612.858          41.180
       4610.152        5618.886          33.015
       4625.792        5630.899          20.930
       4629.314        5641.321          21.379
       4640.826        5656.651           6.880
       4633.371        5766.536           5.159
       4635.970        5770.367           5.000
       4637.975        5773.476           5.000
       4638.884        5775.806           5.000
       4639.289        5776.498           5.029
       4639.959        5778.240           6.633
       4640.495        5779.011           6.157
       4640.956        5779.649           5.738
       4643.807        5780.585           5.000
       4646.550        5782.065           5.000
       4647.974        5783.248           5.000
       4649.172        5784.163           5.000
       4652.115        5787.208           5.000
       4653.570        5787.832           5.000
       4656.809        5790.397           7.571
       4660.024        5792.294           6.004
       4662.362        5794.922           7.626
       4663.274        5796.125           8.523
       4664.649        5797.669           9.684
       4668.025        5799.137           8.926
       4671.061        5804.246           8.517
       4673.212        5809.815          12.408
       4680.813        5813.787          19.524
       4682.902        5815.514          21.508
       4691.272        5822.549          22.297
       4697.413        5828.885          30.686
       4708.882        5849.484          30.705
       4711.246        5854.052          26.418
       4717.781        5873.278          14.821
       4718.570        5875.466          16.009
       4723.644        5885.993          21.465
       4834.931        5939.337          10.161
       4839.768        5941.000          13.084
       4842.633        5944.526          11.430
       4844.440        5948.852          13.999
       4847.550        5957.695          20.103
       4851.173        5967.311          11.343
       4856.388        5974.736           6.933
       4857.081        5975.651           6.164
       4861.462        5977.266           6.308
       4862.592        5979.231           5.628
       4863.037        5980.031           5.799
       4864.990        5982.250           5.000
       4945.712        6014.712          33.585
       4967.669        6030.858          50.000
       4975.053        6048.031          50.000
       4986.028        6068.866          50.000
       4993.675        6075.493          45.078
       5016.609        6087.509          48.840
       5023.486        6099.126          49.602
       5053.048        6112.051          27.600
       5059.942        6123.794          21.382
       5065.113        6127.810          26.012
       5084.937        6139.827          46.290
       5106.056        6155.463          26.207
       5113.002        6159.036          20.457
       5113.996        6161.086          22.709
       5122.761        6164.165          21.233
       5136.276        6171.729          11.500
       5138.428        6173.382          12.243
       5146.429        6176.766          12.006
       5150.683        6184.280           7.505
       5152.258        6186.741           6.572
       5155.320        6190.408          10.143
       5160.007        6195.126           8.621
       5164.472        6197.446           7.179
       5166.484        6198.483           7.245
       5169.406        6201.499          10.480
       5170.840        6202.092          11.736
       5175.629        6205.658          12.305
       5177.270        6207.197          11.156
       5183.706        6210.849           7.858
       5186.621        6212.045           8.750
       5187.233        6213.550           8.329
       5190.881        6216.594           5.000
       5191.341        6217.098           5.319
       5194.753        6219.233           5.000
       5195.232        6219.975           5.000
       5198.212        6222.094           6.715
       5199.870        6223.338           8.419
       5200.399        6224.105           7.758
       5205.581        6226.220           5.000
       5207.429        6228.023           7.099
       5209.338        6230.238           8.108
       5255.241        6317.772          43.663
       5261.633        6322.198          49.984
       5298.767        6340.163          34.629
       5303.183        6341.745          30.109
       5324.472        6350.353          30.143
       5344.036        6357.896          33.087
       5360.277        6375.792          21.973
       5372.192        6386.077          27.888
       5385.854        6395.819          34.016
       5389.429        6397.650          33.367
       5414.830        6428.387         109.346
       5430.264        6436.002         115.618
       5442.822        6448.442         103.395
       5480.709        6523.843          77.735
       5499.913        6541.768          77.735
       5513.732        6553.106          91.661
       5544.408        6616.517          77.735
       5581.362        6671.826          77.735
       5631.220        6714.870         114.773
       5656.294        6728.612         122.182
       5693.644        6830.054          77.735
       5712.068        6839.160          77.735
       5763.493        6857.662          77.735
       5802.791        6904.271          77.735
       5818.134        6920.255          77.735
       5826.186        6927.975          87.075
       5835.959        6950.660          88.729
       5854.812        6997.166         120.151
       5928.908        7048.559          77.735
       5982.301        7076.886          77.735
       6019.904        7106.478         115.501
       6045.516        7145.269          82.208
       6058.904        7172.286          77.735
       6090.127        7211.697         110.172
       6138.911        7243.268         107.493
       6184.361        7273.874         127.735
       6204.567        7293.413         127.735
       6217.375        7305.137         127.735
       6276.981        7359.471          86.130
       6299.824        7416.788          77.735
       6315.867        7448.492         111.510
       6338.716        7488.336         100.413
       6347.431        7494.440         109.160
       6399.196        7540.077         127.735
       6481.744        7568.857         127.735
       6518.601        7593.697         113.166
       6585.191        7626.262         127.735
       6607.354        7678.937          78.637
       6647.402        7735.505          77.735
       6671.486        7750.884         104.073
       6706.406        7776.957         103.245
       6719.873        7797.759         108.629
       6738.695        7809.158          94.215
       6782.370        7880.080         127.735
       6804.176        7895.955         121.904
       6894.205        7951.058         127.735
       6917.288        7972.009         122.568
       6930.027        7994.328         106.582
       7001.512        8051.522         109.865
       7024.273        8076.350          87.044
       7057.919        8110.244          77.735
       7087.771        8121.691          77.735
       7118.258        8132.707          99.892
       7156.720        8171.991          77.735
       7160.208        8181.101          77.735
       7176.637        8206.129          77.735
       7203.556        8226.663         102.257
       7233.846        8265.366         109.437
       7286.603        8329.448         100.178
       7316.186        8384.939         112.869
       7342.939        8428.613          77.735
       7350.629        8446.227          77.735
       7363.390        8463.741          79.635
       7405.207        8482.710         106.522
       7404.674        8677.750          49.081
       7406.953        8683.399          47.201
       7421.492        8691.416          34.611
       7441.367        8704.173          36.902
       7469.323        8714.700          16.725
       7472.218        8723.048          12.893
       7480.800        8728.992           7.327
       7482.088        8730.845           8.702
       7484.738        8737.181           5.000
       7487.842        8738.744           5.000
       7488.422        8739.057           5.000
       7492.670        8740.539           5.000
       7493.851        8741.840           5.254
       7495.907        8742.697           6.691
       7499.753        8746.519           9.709
       7503.655        8752.899          14.729
       7508.358        8763.538          19.525
       7520.540        8774.603          12.950
       7526.270        8779.135          18.039
       7528.639        8785.406          20.290
       7531.016        8786.940          18.429
       7544.139        8793.573          30.406
       7512.131        8809.850         119.331
       7566.418        8834.471          73.475
       7580.759        8839.894          81.599
       7615.581        8864.433          71.812
       7631.602        8899.888          79.771
       7638.124        8918.313          71.812
       7657.526        8939.776          92.844
       7690.860        8998.473          91.478
       7719.313        9017.553         110.808
       7743.465        9043.876          93.549
       7766.159        9076.522         121.812
       7830.152        9153.320         121.812
       7866.612        9230.929          71.812
       7904.190        9264.791          71.812
       7922.789        9278.716          79.019
       7951.221        9339.149          71.812
       7967.901        9350.907          71.812
       8007.476        9368.518         111.438
       8097.796        9405.557         121.812
       8175.959        9447.577         121.812
       8229.764        9497.975          83.350
       8268.972        9526.712          71.812
       8284.314        9535.099          71.812
       8329.448        9558.815          91.105
       8375.657        9625.306         121.812
       8419.150        9679.309          71.812
       8445.495        9718.006          96.764
       8492.131        9760.120          71.812
       8524.908        9811.475          75.477
       8540.282        9818.638          71.812
       8582.865        9841.725          84.994
       8652.764        9871.457          79.716
       8691.359        9898.139         100.360
       8719.550        9948.569         121.224
       8742.843        9975.139         112.365
       8794.901       10013.696         121.812
       8813.410       10032.761         107.252
       8867.978       10056.430         121.812
       8921.379       10122.973          71.812
       8968.321       10159.169          71.812
       8997.129       10186.415         104.874
       9009.923       10193.591         116.425
       9053.123       10224.041         121.027
       9088.436       10307.942          71.812
       9106.073       10317.360          71.812
       9144.237       10331.235          71.851
       9164.335       10338.776          74.497
       9167.521       10345.537          72.235
       9204.260       10362.954          71.812
       9221.760       10392.300          99.686
       9276.451       10434.152         105.875
       9314.484       10458.532         121.812
       9356.194       10497.547         121.812
       9364.512       10506.644         121.812
       9391.881       10541.354          82.741
       9400.332       10563.736          71.812
       9433.093       10587.780          71.812
       9272.721       10671.009          12.200
       9275.114       10673.185          10.732
       9278.248       10675.213          10.750
       9280.764       10678.825          13.406
       9281.814       10679.973          13.109
       9285.244       10684.371          17.952
       9287.686       10691.818          22.168
       9298.427       10701.919          15.082
       9299.510       10703.076          13.839
       9307.683       10710.957          21.574
       9323.726       10720.749          19.678
       9329.159       10726.990          25.583
       9333.877       10731.430          25.124
       9352.121       10739.681          16.343
       9354.961       10741.708          18.264
       9358.345       10742.890          18.479
       9364.103       10750.723          10.125
       9366.483       10755.855           9.002
       9367.409       10757.563           7.499
       9369.360       10761.287           5.790
       9370.978       10762.768           5.672
       9372.222       10765.499           5.480
       9373.588       10766.557           7.176
       9376.556       10768.443           5.604
       9377.823       10769.663           6.337
       9378.323       10770.849           5.179
       9379.162       10772.295           5.000
       9380.713       10776.286           5.000
       9381.291       10777.227           5.882
       9384.232       10779.806           5.521
       9384.588       10780.750           6.515
       9483.592       10785.214          44.893
       9506.049       10799.482          21.070
       9510.437       10806.288          20.643
       9515.558       10812.928          28.533
       9527.502       10822.204          15.903
       9531.393       10825.122          14.375
       9537.441       10827.754          15.338
       9545.345       10835.857          12.805
       9547.496       10837.997          12.350
       9555.202       10841.425           9.708
       9558.870       10848.118           6.904
       9561.546       10849.050           5.000
       9563.811       10851.059           5.136
       9564.830       10851.951           5.000
       9568.057       10853.242           5.000
       9569.951       10854.632           5.563
       9571.362       10857.219           6.124
       9574.213       10858.280           6.583
       9576.956       10859.838           5.232
       9578.744       10863.508           6.318
       9579.488       10864.255           6.207
       9580.887       10866.649           5.000
       9581.662       10868.373           5.076
       9585.653       10869.754           6.182
       9587.605       10874.282           9.809
       9589.696       10875.970           7.543
       9591.812       10877.666           9.166
       9594.289       10881.627           6.971
       9595.013       10883.011           7.769
       9596.942       10885.004           6.793
       9599.522       10888.839           5.000
       9601.050       10891.930           5.013
       9603.867       10893.891           5.000
       9604.403       10894.321           5.000
       9605.754       10895.765           6.494
       9608.040       10900.063           5.000
       9608.786       10901.096           5.000
       9609.717       10902.629           5.000
       9610.090       10903.536           5.388
       9613.958       10906.056           6.576
       9616.621       10909.927          10.045
       9597.058       10911.153          53.184
       9615.766       10947.119          54.938
       9639.437       10955.502          51.933
       9666.191       10970.544          31.091
       9668.789       10973.538          31.091
       9677.656       10980.552          31.091
       9679.582       10983.029          31.763
       9697.393       10993.399          38.556
       9721.810       11007.651          45.437
       9740.555       11026.015          31.091
       9757.525       11032.565          47.929
       9772.923       11069.363          49.001
       9790.974       11086.396          59.846
       9803.104       11111.620          37.230
       9810.278       11131.327          51.411
       9833.880       11164.724          80.041
       9879.515       11197.586          81.091
       9924.801       11229.108          38.415
       9943.322       11252.469          51.281
       9947.930       11258.509          53.370
       9968.747       11286.115          31.091
       9981.361       11310.772          31.091
      10001.755       11319.084          31.091
      10017.574       11337.744          44.388
      10049.035       11362.243          31.091
      10051.599       11368.335          33.493
      10061.062       11394.063          45.694
      10067.485       11412.490          34.339
      10088.293       11428.054          31.091
      10094.071       11437.180          40.252
      10107.623       11446.704          40.769
      10119.812       11463.713          31.091
      10130.732       11470.963          31.091
      10143.295       11476.974          36.123
      10168.223       11493.856          31.091
      10185.222       11515.265          31.091
      10196.032       11539.210          31.091
      10199.863       11546.681          31.091
      10225.026       11555.769          41.059
      10237.045       11562.512          32.509
      10243.191       11572.941          43.790
      10255.492       11595.627          68.080
      10271.804       11613.812          81.091
      10292.014       11634.759          81.091
      10320.114       11656.836          80.422
      10357.795       11693.782          81.091
      10408.935       11716.389          81.091
      10455.883       11741.569          81.091
      10470.176       11750.675          81.091
      10519.546       11800.561          81.091
      10348.574       11856.826          25.964
      10353.069       11858.460          24.736
      10355.891       11861.875          28.226
      10362.504       11876.590          32.818
      10366.192       11880.393          36.717
      10384.959       11892.907          20.218
      10396.215       11900.040           7.825
      10397.715       11904.265          11.000
      10402.554       11907.450          13.433
      10408.725       11913.440          11.348
      10411.068       11918.447           7.404
      10411.417       11919.379           7.563
      10416.057       11923.500           5.257
      10416.606       11924.099           5.096
      10419.789       11925.314           7.208
      10421.156       11927.077           7.778
      10423.348       11930.881           8.016
      10425.493       11936.964           5.000
      10427.396       11939.658           5.000
      10429.014       11941.301           5.117
      10430.389       11942.675           6.034
      10435.130       11945.213           5.000
      10437.027       11947.484           7.316
      10441.701       11949.942           5.000
      10444.700       11953.209           5.000
      10445.781       11954.778           5.000
      10449.266       11956.899           5.000
      10451.432       11960.285           5.000
      10451.925       11960.557           5.559
      10454.396       11962.887           5.000
      10457.347       11965.880           8.407
      10460.523       11971.205          14.352
      10465.481       11975.988          14.202
      10469.598       11980.915           9.688
      10470.546       11981.920           9.005
      10475.658       11985.746           6.242
      10479.742       11989.204           5.000
      10482.126       11991.879           5.000
      10482.944       11994.357           7.563
      10486.821       11998.774           5.000
      10488.521       12002.049           6.708
      10489.537       12002.652           6.502
      10491.571       12004.993           5.000
      10493.240       12008.842           5.000
      10495.497       12012.316           8.873
      10497.254       12017.074           7.668
      10498.429       12020.521           7.096
      10503.722       12023.021           5.000
      10505.373       12026.233           5.000
      10507.461       12029.553           6.800
      10511.471       12033.154           5.680
      10515.100       12034.681           9.384
      10517.403       12036.692          10.292
      10524.732       12039.081          16.865
      10527.502       12045.294          14.820
      10528.999       12047.874          16.228
      10530.860       12048.577          17.130
      10537.015       12062.295          19.887
      10538.753       12065.486          23.349
      10547.093       12071.098          23.673
      10558.690       12076.608          34.410
      10577.038       12096.040          17.929
      10579.953       12104.725          21.223
      10592.066       12110.614          13.408
      10595.627       12112.859          15.608
      10531.288       12180.116          35.520
      10536.792       12184.518          33.615
      10543.657       12189.168          33.104
      10567.061       12207.467           9.746
      10572.794       12209.715           8.754
      10576.191       12211.956          10.108
      10581.208       12218.808           6.232
      10581.854       12219.062           6.149
      10585.493       12222.935           5.000
      10586.909       12224.948           6.360
      10588.115       12227.651           8.098
      10591.286       12230.661           7.610
      10596.048       12232.304           5.000
      10598.920       12235.637           5.000
      10601.204       12237.548           5.000
      10604.539       12238.937           6.400
      10605.345       12240.915           6.959
      10606.151       12241.631           6.384
      10609.952       12243.731           8.050
      10611.285       12245.486           8.946
      10613.015       12246.399           9.256
      10613.343       12247.383           8.447
      10617.239       12249.067           5.000
      10620.450       12250.538           5.000
      10620.915       12251.582           5.000
      10621.921       12252.181           5.012
      10624.195       12253.260           6.242
      10626.580       12254.355           5.758
      10629.252       12258.064           5.000
      10631.157       12260.830           5.000
      10633.387       12263.111           7.774
      10635.872       12264.019           5.320
      10637.234       12265.558           5.000
      10640.131       12268.700           5.000
      10641.819       12269.353           5.298
      10642.502       12270.619           5.498
      10643.887       12272.253           6.981
      10645.447       12274.679           7.399
      10646.593       12276.450           5.852
      10649.657       12280.381           5.000
      10650.996       12282.505           5.000
      10653.157       12285.120           5.000
      10653.658       12285.293           5.000
      10656.493       12287.924           5.932
      10657.356       12289.039           6.117
      10660.742       12291.061           5.000
      10661.874       12293.726           6.802
      10662.499       12294.546           7.472
      10663.024       12295.098           7.701
      10665.185       12301.375           7.580
      10671.419       12304.057           8.867
      10674.540       12307.342           8.625
      10676.105       12310.650           9.650
      10678.744       12312.554           9.742
      10685.947       12316.734           5.000
      10686.985       12317.594           5.000
      10687.918       12318.101           5.824
      10690.088       12321.675           6.685
      10692.388       12326.507           9.575
      10693.572       12327.914          10.322
      10696.424       12331.049          13.446
      10700.369       12335.350          16.199
      10705.216       12345.476           5.443
      10709.698       12347.290           5.000
      10711.238       12347.935           5.000
      10712.384       12348.676           5.000
      10713.933       12352.896           5.000
      10715.541       12354.342           6.544
      10718.173       12355.724           5.000
      10719.271       12358.840           5.772
      10721.675       12360.066           5.000
      10723.585       12362.231           5.000
      10724.487       12363.507           5.000
      10813.052       12409.988          38.377
      10825.083       12436.922          50.000
      10837.771       12471.147          50.000
      10863.511       12482.507          50.000
      10887.082       12519.738          38.151
      10898.419       12550.578           7.612
      10898.704       12551.411           8.077
      10903.989       12553.759           5.000
      10906.466       12555.013           6.418
      10908.433       12557.974           5.501
      10909.644       12560.715           5.971
      10910.438       12561.787           5.197
      10912.143       12564.001           5.000
      10915.191       12566.554           7.863
      10919.365       12571.941          14.392
      10928.590       12576.843          18.750
      10931.178       12584.034          14.439
      10935.651       12594.160          21.332
      10946.491       12607.109           5.498
      10947.659       12608.399           7.203
      10948.953       12610.407           7.379
      10951.669       12616.173           8.880
      10952.148       12617.303           8.392
      10953.839       12618.719           9.805
      10961.870       12622.332          13.278
      10962.861       12623.233          12.894
      10966.862       12629.394          16.272
      10975.643       12636.432          14.903
      10977.339       12636.991          14.416
      10981.218       12639.486          17.982
      10987.536       12645.488          12.123
      10989.110       12647.527          13.899
      10997.945       12656.042           5.000
      10998.853       12657.678           5.115
      11000.214       12660.091           5.000
      11001.615       12661.893           5.686
      11001.961       12662.455           6.337
      11005.840       12664.088          10.067
      11014.073       12667.667           5.000
      11014.357       12668.100           5.000
      11014.775       12668.751           5.000
      11015.758       12670.492           5.000
      11017.053       12671.976           5.020
      11017.727       12672.522           5.000
      11021.127       12674.394           5.000
      11108.201       12689.847          21.282
      11113.113       12697.425          17.996
      11121.090       12707.364          14.129
      11129.222       12714.423          10.308
      11133.585       12721.810          16.673
      11136.392       12724.511          13.291
      11139.560       12725.619          15.661
      11149.484       12733.881          28.020
      11158.262       12737.458          24.421
      11163.338       12740.854          26.263
      11175.449       12747.571          13.286
      11178.405       12749.198          14.707
      11186.419       12752.454           9.577
      11189.171       12757.673           8.934
      11194.907       12763.179           5.510
      11197.040       12765.840           5.000
      11199.681       12769.344           5.000
      11201.583       12770.454           5.777
      11104.326       12808.336           8.476
      11108.728       12812.808          10.702
      11112.253       12814.376           9.559
      11112.569       12815.348           9.008
      11115.210       12817.390           5.902
      11118.843       12820.914           5.787
      11121.828       12823.186           8.604
      11128.116       12827.091          15.587
      11132.348       12835.038          20.481
      11134.279       12836.237          22.093
      11135.275       12839.247          24.150
      11141.849       12852.115          12.279
      11142.581       12854.008          13.040
      11143.479       12855.721          12.147
      11148.698       12858.928           9.731
      11150.046       12861.242          11.712
      11154.803       12863.472           6.477
      11156.738       12864.519           6.457
      11159.495       12867.037           5.212
      11160.085       12867.712           5.729
      11164.513       12869.849           5.000
      11166.338       12871.275           6.692
      11168.180       12876.130           5.009
      11170.586       12879.074           6.141
      11173.703       12880.598           5.000
      11174.690       12882.967           5.000
      11175.702       12884.650           5.000
      11176.581       12885.643           5.000
      11177.075       12886.490           5.879
      11179.213       12888.505           7.813
      11182.399       12892.563          12.526
      11190.419       12899.200          18.993
      11201.070       12903.895          26.967
      11209.168       12907.112          29.492
      11213.877       12914.474          35.536
      11217.848       12925.085          42.501
      11222.739       12927.533          41.807
      11139.446       13034.375          31.360
      11153.846       13050.532          50.000
      11167.559       13085.534          50.000
      11182.416       13115.526          50.000
      11189.111       13125.332          41.130
      11200.474       13141.091          50.000
      11214.488       13162.871          50.000
      11221.068       13166.314          43.171
      11238.286       13200.061          17.213
      11250.197       13205.031          10.905
      11256.129       13209.017           8.421
      11260.512       13211.096           5.344
      11260.949       13211.800           5.438
      11262.392       13212.292           5.000
      11263.347       13213.076           5.831
      11266.580       13215.114           8.036
      11269.501       13220.969           6.203
      11270.406       13223.399           5.000
      11272.349       13226.819           5.000
      11275.032       13229.959           5.000
      11276.648       13234.154           5.140
      11277.686       13236.145           5.000
      11278.346       13236.651           5.000
      11280.507       13240.067           5.000
      11282.752       13241.519           6.788
      11283.532       13242.554           6.249
      11286.521       13243.771           7.808
      11287.152       13244.523           8.629
       9931.166       11887.631          39.763
        460.086        -444.822           0.096
        424.259        3740.100          54.820
       -541.888        -562.561          34.175
       3173.545        5301.518        1195.789
        -68.643        -409.756           3.497
       2239.915        1358.930          87.907
       7339.503       -3117.426         334.195
      10087.613        4106.346        2661.159
       -536.728         421.850          76.832
       2682.975       -7910.583        1379.161
      -7408.035       -3120.877         292.392
       -551.238        -289.011           2.163
       -704.344        5350.233         163.737
       -819.522         423.886           7.081
      -3078.198         855.199         754.924
       -821.687         240.269          17.479
       -623.330        -361.367          26.855
       3042.439       -4764.972         261.027
       -523.363        1766.192         346.591
       4468.127         740.825         388.472
      -7787.077       -4353.244         331.557
      -9922.603        1952.788         232.143
        590.591         162.607           1.837
      -8663.058         271.890           9.436
       -374.704        -175.917           5.416
        331.155        -684.814         176.489
       -342.229        -722.605         114.695
       8082.873        8838.160         586.352
       1449.431        1732.735         540.680
       5166.265        5194.102         948.383
      -3506.536        1534.920         416.271
      -6323.585        2894.155         903.600
        552.020        -578.170          45.563
       3337.178        1472.755        1125.353
      -2193.668        1842.318          32.379
        588.404        -693.700          80.303
     -12110.825        1838.356          75.226
       -575.319        -337.961           5.993
       4829.642       11694.374         364.163
        704.344        5350.233         163.737
      -5926.910       10084.190        1069.815
       -440.966         722.727           0.463
        557.754        -178.005          27.909
       3210.449         689.330         620.744
        827.895          62.359           0.726
      10281.222        9597.154        4776.350
       4855.178         725.185         224.678
      -7852.245        5771.403        1355.429
        584.657       -8206.792         508.249
       -937.465        -414.839           0.045
       -770.517         345.207         105.284
       -396.496        3190.045          86.988
       3785.407        1648.205         398.238
       3019.401       -2145.129         290.213
       5675.008        1793.065         725.388
       -580.181        -104.564          20.011
        180.230        -636.122          23.372
      -5386.965        4478.565        1268.257
       1223.658        1805.504         343.774
       4278.264        -135.866          25.998
        168.214        2275.601          15.231
      -1057.000        6421.923         121.876
        247.595         373.623           5.856
        842.185        -493.868          13.758
       5745.716       -6168.076        3494.073
      -1546.165        2271.663         224.934
        818.692         385.639           1.538
        446.127        -430.008           2.577
      -3525.496        4621.361        1214.072
        600.801         715.698          73.628
      -6168.076       -5745.716        3494.073
       8326.027        9794.133        5016.386
        384.350         873.118           4.760
      -1868.603        6225.588        1157.069
      -1410.166        2106.836        1153.941
       -445.939        -556.869           2.795
       2682.975        7910.583        1379.161
       -455.616         411.778          32.205
        765.659        -491.151          11.318
       -429.237         860.380          78.630
       9759.576       11948.878        1605.381
       -482.968         517.292          88.634
       1842.318        2193.668          32.379
       7494.745       10018.082         662.292
       -499.316        -516.169          27.692
       -220.226        -753.228          48.719
       -351.273        4313.576          13.359
       1993.750        1935.453         908.826
      -2939.450        5509.634         853.254
       9677.618       13254.256        1759.050
        389.698         105.883          34.355
        200.511      -10124.173           8.852
       -207.154        -242.730          63.374
       7754.521        2101.475         460.549
      -1486.473        -799.785         167.837
       7830.553      -11281.696        4667.516
        195.775        7717.026          27.457
       -840.877        -364.516         101.425
       6662.974       -8244.670        2292.831
       -464.090         435.068          39.795
      -6268.600       13013.446        5382.716
      -7549.781        8671.465        5527.551
       8111.229        6630.036        2080.221
       2003.043        8415.239        1198.933
       -293.745        -844.311          44.249
      -4712.513        -727.689          17.958
        855.199        3078.198         754.924
      -8343.986        7929.481        2344.447
        378.569        -520.092           0.244
      -4274.721        3357.726         511.869
       5407.632        8883.481        3119.714
       4262.826       -5455.685        2400.425
       5705.095        6204.115        3596.555
       -417.226         208.046          20.718
        727.689       -4712.513          17.958
      14250.776         557.301         258.730
       6081.253         336.396         108.449
        504.732         369.984          22.035
       -316.576       -2212.577          15.122
       3173.545       -5301.518        1195.789
       -749.896         486.266          50.142
       1887.537        4345.842        1035.020
       1645.703        2384.128        1038.304
       7339.503        3117.426         334.195
       3740.100        -424.259          54.820
     -10125.571       -7328.335        5505.269
       -659.392         370.950          38.840
       -544.694         499.927          12.245
       3314.941       -4951.598          29.373
      -3740.100         424.259          54.820
       4318.203      -10480.158        3759.607
       -324.828        -410.298          71.035
       -208.019        1832.385          93.248
        623.305         156.770          23.706
       7587.181        -892.716          85.170
       2935.329        6477.537         288.264
       -715.288        7414.631          12.239
      -2396.032        2747.505        1089.151
      -7929.481       -8343.986        2344.447
       7245.065       11557.893        7171.651
        705.080         585.060          42.374
       -859.915        -168.622          53.236
     -11281.696       -7830.553        4667.516
      -2002.349        3256.123         709.283
       4023.152        9103.516        1738.993
       -260.432         482.875          38.280
      -4106.346       10087.613        2661.159
       2167.186        5632.584         248.657
      13013.446        6268.600        5382.716
       -779.008         866.147          38.495
       8895.273        6513.534         180.289
       9144.743         662.267         240.619
      10079.597        1003.690         425.327
      -3624.435       -1957.988        1345.084
      -5304.379         175.537          26.065
        404.386        -311.824          12.799
        758.626        -498.199          21.518
       -413.300        -515.669          79.325
       5061.661        5002.573         961.730
       3786.866        5326.853          79.019
      -1358.930        2239.915          87.907
       2193.668       -1842.318          32.379
      -1732.735        1449.431         540.680
      -8760.207       11357.275        4630.955
      -9205.888      -13080.754        5074.359
       1554.151        3171.692        1005.670
       5675.008       -1793.065         725.388
       1645.703       -2384.128        1038.304
        259.622        -248.384          27.577
        851.975        9608.186         686.585
       -663.813        -114.388           0.656
       2095.387        6026.780         645.852
      -5509.634       -2939.450         853.254
       3506.536        1534.920         416.271
       -235.546        -562.568          10.396
       -521.723         678.425           1.315
      -5532.670        5989.432        2766.047
       -902.231        -448.035          16.036
       2099.291       -8146.291         270.630
       -683.197         350.683          24.149
      -3194.969        1889.117          11.660
      -1889.117       -3194.969          11.660
        487.222         544.856          91.774
      -3745.268        8616.008        1155.842
        851.975       -9608.186         686.585
        243.598        -486.726           0.983
        250.976        1390.292          49.219
       7589.614        6401.800        3344.762
       8308.942       -2692.216        1199.717
       7212.791        2639.003         648.394
       1734.672         568.456           3.481
       -653.495        -700.034          79.807
       1397.343      -14570.577         611.356
      10125.571        7328.335        5505.269
       2167.186       -5632.584         248.657
      -8883.481        5407.632        3119.714
      -7212.791        2639.003         648.394
       8644.100        4492.195         330.238
      -1732.617        2396.755         559.262
      -1554.151       -3171.692        1005.670
       1486.678       -4583.103         478.154
       1441.213       11601.244         203.678
       6401.800       -7589.614        3344.762
        214.924        -465.069          38.812
        319.014        -936.262          17.670
        586.208         573.845          25.757
        462.765        -438.961          22.160
       2099.291        8146.291         270.630
       1200.374       -5591.295         392.636
       5562.269       -6029.643        3903.202
       3525.496        4621.361        1214.072
        523.363        1766.192         346.591
       -591.490         735.264          27.712
       -487.902        -317.419          13.492
       3980.180        5006.681        3079.627
        316.576        2212.577          15.122
       -456.621        -386.832           8.737
      -8326.027       -9794.133        5016.386
        366.122        -619.320          10.870
       -471.969         801.716          21.391
      -1803.153       -8563.708         246.959
        662.267       -9144.743         240.619
      10993.212         199.600          26.560
       -200.511       10124.173           8.852
       8671.465        7549.781        5527.551
        584.657        8206.792         508.249
        372.576         524.981          36.486
       -424.259       -3740.100          54.820
       6662.974        8244.670        2292.831
        145.777         358.310          48.493
       3166.729       -6912.460        1716.391
       8328.347       -6207.464        3564.118
        252.000         723.474          20.371
       -509.600         366.963          35.305
        664.440        2927.844         266.479
       3042.439        4764.972         261.027
        440.192        3919.590         187.467
        429.237        -860.380          78.630
       -606.502         -94.086          23.327
       1676.117       -4155.308          42.437
       -509.467        -847.066          16.671
      -3337.178        1472.755        1125.353
       5989.432        5532.670        2766.047
        356.284         397.308          26.853
        784.786       -5368.792         401.460
       -624.764        -762.235           0.098
       -799.785        1486.473         167.837
        542.591        -228.687          21.862
       -259.199        -578.145         133.149
      -2125.981        -173.337          62.359
       6168.076        5745.716        3494.073
        588.330        -442.021           1.185
        649.598         622.860           3.453
       -635.963        -391.300         237.228
        794.149        -306.555          18.519
       6029.643        5562.269        3903.202
       -598.352         254.173           2.457
        859.489        -739.818          28.205
        677.006        -550.347           2.928
       7852.245        5771.403        1355.429
       2166.459      -10897.767        1905.108
       -622.614        -292.021          66.799
       -138.883        -531.445           9.137
       -129.674         276.197           6.597
      -4829.642       11694.374         364.163
        609.204         717.672         115.139
      -3490.212        3974.072        2667.036
       -715.838        -608.995         176.320
        762.577        3553.035         189.210
       5718.685       -3729.224        2355.040
      13031.044       10788.990          63.033
      -5180.377        6156.186        1741.034
      10434.973        8198.250         384.577
        855.623         425.963          13.275
       1803.153        8563.708         246.959
        688.129         108.468           0.909
      11016.504        7590.554         473.587
       4421.041       10769.711         522.486
      -4278.264         135.866          25.998
       3490.212        3974.072        2667.036
        500.274         472.148           0.269
       -402.181        -205.367           9.429
       9792.077       -6291.029        2977.499
       7587.181         892.716          85.170
       -168.214        2275.601          15.231
        521.385         474.276          11.267
        439.318        -152.406          11.201
        738.221        -402.206          68.777
      -3574.425       -1670.365         507.489
        847.001         361.753          15.543
       2158.994        5571.445         800.627
       -762.770         593.968          11.336
        459.395         636.374          10.647
        636.457        -453.839         228.586
       -401.593         628.956           8.050
       3803.565        3926.374        3464.439
        210.243        -336.352          11.601
       -153.214         274.391           3.715
       1469.149       -5936.702        1278.068
       8865.071        -402.887         301.901
        516.776        -810.651          30.467
       4855.178        -725.185         224.678
       -539.416         463.656           4.465
       -404.701         454.721         162.783
        694.824        -356.898          20.004
       2412.297       -1130.073         183.804
       -336.064         439.062          75.635
        612.787        -149.941          46.925
      -4208.648        2427.570         518.293
       4683.293       -1730.274         178.758
       9331.799       -1930.741         732.917
        500.036         593.327          52.000
       -562.631        -533.555           4.783
        898.856         534.282           6.476
      -8308.942        2692.216        1199.717
       6421.923        1057.000         121.876
      -7650.035        6415.834        1085.805
        852.349        -689.765           0.053
        647.808         574.553          37.102
        106.585        -591.900           0.170
      14250.776        -557.301         258.730
       6742.283       -3522.812        1717.653
       -790.936        -372.418          61.901
       4624.588        4571.206        2325.989
        520.724        -574.499           8.125
        395.907         320.080           3.793
       -372.960        -307.727          14.176
       -370.798         836.446           1.731
      -2904.949        1541.553         695.442
        377.024         470.856          12.233
       7717.590       -6421.994         288.633
       -684.756        -689.973          18.170
       -124.176        -588.470          47.528
      -3847.380        6136.126        2127.532
       4978.490       -6538.016        4028.175
       5180.377        6156.186        1741.034
        268.269         535.635           8.411
       7650.035       -6415.834        1085.805
        482.917         192.482           0.458
       -884.777        -585.252          28.500
       -490.458       -3639.982          75.068
        525.473          96.401          13.154
       -708.979         606.361           6.794
       2894.155        6323.585         903.600
        348.078         531.121          56.839
        199.600      -10993.212          26.560
     -10124.173        -200.511           8.852
      11035.434        4080.370        2363.707
       -392.355        1833.770          96.413
       1410.166        2106.836        1153.941
         38.512         252.792           5.012
       6508.934        6406.328        2321.460
      -9759.576       11948.878        1605.381
       4481.148        2412.340        2085.560
       2144.929       -1035.054           9.094
        701.838         568.679          56.351
        544.808         148.671           9.756
       -618.192         136.833          24.221
        446.009        -322.319          11.791
       -350.574       -8027.928          23.538
       4832.348        5112.037         814.275
       8616.008        3745.268        1155.842
       3357.726        4274.721         511.869
       1397.343       14570.577         611.356
       -704.276          50.667          18.180
        330.798        -653.431          95.945
      -6081.253        -336.396         108.449
       1930.741        9331.799         732.917
       -531.612         649.255          84.682
       4372.473       10831.329        2687.653
        779.214        -633.798          48.965
       4132.207        3939.193         952.450
      -2212.577         316.576          15.122
       -221.845        -749.064          24.796
       2700.376        4896.435         535.682
       5718.685        3729.224        2355.040
      -7245.065      -11557.893        7171.651
       4504.099        4811.687        1905.179
       9713.527       -2218.514        1455.401
       1734.672        -568.456           3.481
       -709.465         326.957          34.997
       4997.168         590.180          77.052
        187.739         466.724           7.127
     -13080.754        9205.888        5074.359
        656.166        -531.927         117.622
       2144.929        1035.054           9.094
       9410.902        8331.175        1854.057
      -1670.365        3574.425         507.489
       -890.229        -390.510           6.364
        205.330         177.587          38.500
      -1930.741       -9331.799         732.917
      -5936.702       -1469.149        1278.068
      -7159.053        5041.391         885.043
       3422.776        4552.143        2894.230
      -2894.155       -6323.585         903.600
       -457.959         548.864          79.129
        953.157          81.884           0.868
       4481.148       -2412.340        2085.560
        438.875        -294.107          16.561
       4728.468        6452.986         376.297
      -6929.115         462.722         338.116
      -5562.269        6029.643        3903.202
        244.253         497.889          12.176
        590.180       -4997.168          77.052
       -348.164         457.893          12.190
       -580.295         106.390           9.040
       -121.384        -148.483          26.848
       -237.391        -888.282          28.206
      -4345.842        1887.537        1035.020
      -4313.576        -351.273          13.359
        651.592        7134.265         325.310
        382.771        -518.460          19.274
      -2748.097       -1219.199          44.971
        789.059        -468.889          21.068
      -1734.672         568.456           3.481
       6538.027        2240.998         470.856
      -4552.143        3422.776        2894.230
        163.473        -259.604          39.929
       3154.046       10582.701         934.085
        799.906       -2190.284         699.885
      -8838.160        8082.873         586.352
       2935.329       -6477.537         288.264
       -527.412         571.560           5.025
        117.517        -623.023          46.472
        -28.022         195.722           0.561
        355.456         625.547           3.993
      -2782.037        1494.566         122.043
      11242.490       10086.149        2654.205
       8663.058         271.890           9.436
        600.458         718.377          21.424
       -794.046         422.150          74.516
        396.496        3190.045          86.988
        628.230        -170.157          53.478
       6136.126        3847.380        2129.532
        481.463         492.195          50.268
       -762.577        3553.035         189.210
       5497.526        4967.769         410.046
        804.397         252.469          73.473
       7787.077        4353.244         331.557
       3074.679        6416.229        1908.593
       -587.115         594.178          54.122
       -458.083         366.892           2.673
       9205.888       13080.754        5074.359
        320.445        -265.000          21.313
       1239.062      -11309.316         921.590
     -10993.212        -199.600          26.560
       -740.825        4468.127         388.472
      -2950.872        6171.433          55.480
       -557.408         708.490          47.447
       2003.043       -8415.239        1198.933
        803.666        -837.010          31.410
       -655.121        -517.557          21.362
       -485.322         630.608           0.606
      -1449.431       -1732.735         540.680
       -304.039         252.479           0.130
        280.851        -486.830          55.117
       5926.910       10084.190        1069.815
       9907.731         912.479         281.007
       -540.416        -785.256          18.953
       1033.107        1097.604          19.738
        380.759        -447.738          60.196
        845.223        -784.756          42.127
       2516.370        6881.014        2414.404
       9713.527        2218.514        1455.401
        446.320        -697.739           3.304
        360.150        -495.184           5.068
       -776.815         697.838          72.696
      -3210.449        -689.330         620.744
      -6513.534        8895.273         180.289
      -1799.680        3103.972         537.288
      10124.173         200.511           8.852
       7640.415       -7078.196        6297.534
       -753.107        -425.528          28.385
       -360.616        -636.191          22.194
       -292.859         480.172         138.055
       3481.051         533.950          71.966
       -441.956        7113.108         176.142
       -930.446         288.289          11.795
      -3103.972       -1799.680         537.288
      -6136.126       -3847.380        2129.532
        706.382         771.593           1.791
        949.935        -224.618          14.504
        571.177       -6551.906         386.598
       1670.365       -3574.425         507.489
       4860.099       11749.799         840.942
        411.944        -457.876          37.934
       -503.886        -435.708          68.346
       -805.132         388.082          23.992
        512.583        -632.280          33.381
        460.180        -538.196          13.034
      -8671.465       -7549.781        5527.551
      -1097.604        1033.107          19.738
       7408.035        3120.877         292.392
       8111.229       -6630.036        2080.221
       5304.379         175.537          26.065
        213.669        -312.632           8.851
       2158.994       -5571.445         800.627
      11357.275        8760.207        4630.955
       5936.702        1469.149        1278.068
       9609.812        6912.740        1679.862
        472.531        -626.867          11.379
     -12036.247         136.115          53.654
       4683.293        1730.274         178.758
       9907.731        -912.479         281.007
       -199.600       10993.212          26.560
       4421.041      -10769.711         522.486
       5785.106        3168.460         141.900
       9792.077        6291.029        2977.499
       -250.976        1390.292          49.219
        239.438         454.671           8.790
       -367.414         483.872         108.597
       3166.729        6912.460        1716.391
       4478.565        5386.965        1268.257
      -6223.255        7742.364        2963.689
        673.797         422.728          93.046
      -4519.398        2054.261         592.481
        638.226        -560.469           8.630
       -398.951         322.604          19.845
       6514.113        4043.170        2233.142
      11016.504       -7590.554         473.587
        734.472        -358.920          83.058
       -912.287        8768.823         133.040
      12558.074        6835.349        1613.748
       -509.568        -581.939           9.011
     -10281.222        9597.154        4776.350
       -525.374         128.932          54.873
        490.458        3639.982          75.068
       2125.981         173.337          62.359
       -438.233        -948.036           4.947
      -6608.608        7510.831        3473.180
       -669.004         188.859           0.209
      -3980.180       -5006.681        3079.627
       -651.592       -7134.265         325.310
        423.707        -837.471          32.474
     -10087.613       -4106.346        2661.159
        675.666         146.051          13.610
      -4997.168        -590.180          77.052
       -310.125         592.131           0.411
      -7134.265         651.592         325.310
       -835.431        -302.642          14.357
      -1805.504        1223.658         343.774
        750.055         570.812          18.594
      -4132.207        3939.193         952.450
       -506.680         492.362          84.447
       6514.113       -4043.170        2233.142
        323.589        -942.662           5.992
       -254.668        -138.882           0.329
      -5407.632       -8883.481        3119.714
       -953.697        -858.112          10.270
       -633.634         388.491          55.274
      -7754.521       -2101.475         460.549
        215.153         215.294          68.636
         81.188         868.520           9.171
       8198.250      -10434.973         384.577
       -646.907        -435.906         173.759
      -5745.716        6168.076        3494.073
       5534.169        1720.333         674.790
       -492.321         388.063         235.898
       7159.053        5041.391         885.043
      -8382.196        6726.032         676.175
        411.099         904.412           8.717
       -564.235        -522.579         189.650
      -4492.195        8644.100         330.238
      -5002.573        5061.661         961.730
       -752.433        -740.365           9.951
       -733.266        -280.247          62.801
       2950.872        6171.433          55.480
     -10434.973       -8198.250         384.577
      -1720.333        5534.169         674.790
       -448.213         193.970          12.736
       -799.906        2190.284         699.885
        846.077        -537.374           2.299
        537.424        -543.259          63.415
        440.580         398.870          18.005
     -11876.431        1978.759        1286.779
        410.820         322.413          58.844
      -1219.199        2748.097          44.971
       1889.117        3194.969          11.660
       2320.534        3090.051        1371.875
        353.393         563.839          20.078
       -540.579        -649.893          35.009
       6415.834        7650.035        1085.805
      -3919.590         440.192         187.467
      -7494.745       10018.082         662.292
       -554.936        -443.323          11.205
        477.594         605.433          12.892
        983.984         885.435           1.406
       1494.566        2782.037         122.043
       2212.577        -316.576          15.122
        616.720        -348.431          24.897
        539.782         186.134          50.173
        506.952        -653.261           4.697
       -356.462         573.570          13.387
       -744.731         499.269          34.002
        419.255         376.748          54.820
      -3271.400        5121.394        2700.989
        336.505         791.027          17.974
       -186.281         571.462          32.592
       -328.949        -450.550           1.852
       3753.091       -7923.425        2031.013
       -293.263         375.404          13.929
       7113.836         700.888           9.107
       4325.340       -4505.500        1302.282
      -9331.799        1930.741         732.917
       -246.892         475.012          21.957
       -351.515        -487.629          13.995
      -3171.692        1554.151        1005.670
        314.512        -714.494         192.486
      -8192.807        7750.644        4175.600
      -4478.565       -5386.965        1268.257
        783.403        -603.576          65.860
       -628.770          87.384          39.951
       3154.046      -10582.701         934.085
       8865.071         402.887         302.901
        580.291         539.990          80.407
      -6029.643       -5562.269        3903.202
     -11359.224        7326.780        2596.900
      -1993.750        1935.453         908.826
        507.979         417.854           0.447
       3103.972        1799.680         537.288
      -7328.335       10125.571        5505.269
       8382.196        6726.032         676.175
       3574.425        1670.365         507.489
      -6139.359        5202.256        3017.817
       -462.722       -6929.115         338.116
      10389.104        9594.824        2372.923
        912.287       -8768.823         133.040
        562.055         565.784           4.103
       4519.398        2054.261         592.481
       5166.265       -5194.102         948.383
      12036.247        -136.115          53.654
       6608.608        7510.831        3473.180
        762.581         405.761           0.023
       -358.310         145.777          48.493
      -4504.099        4811.687        1905.179
       -497.697         699.904           7.765
        760.905        -752.943           5.636
        245.537        -667.573          60.039
      -1704.368        6237.608         442.984
       -702.445        -694.036          38.170
       -727.689        4712.513          17.958
       -574.045        -271.192          35.477
       -851.975        9608.186         686.585
       2166.459       10897.767        1905.108
      -6401.800        7589.614        3344.762
       2068.018        3120.587        1079.030
       -765.622         673.887           4.358
       -125.170          91.328           1.026
       4832.348       -5112.037         814.275
      -7113.108        -441.956         176.142
        405.352         345.669         107.908
      -5591.295       -1200.374         392.636
       4624.588       -4571.206        2325.989
       4980.075        6876.298        1674.407
        129.922         224.254           2.926
       3074.679       -6416.229        1908.593
       2502.572        7938.776        2343.643
       6223.255        7742.364        2963.689
       3781.875       -1685.483         358.491
        510.002        2491.136         143.324
      -8198.250       10434.973         384.577
        889.251         458.251           8.538
       -607.051        -590.062           0.224
     -10831.329        4372.473        2687.653
       7113.108         441.956         176.142
        389.035        -259.398           0.791
       8328.347        6207.464        3564.118
        217.536        -404.193           4.698
      -2101.475        7754.521         460.549
        438.128         542.366           2.683
      -6415.834       -7650.035        1085.805
         90.906         954.615           5.206
      -4776.494        5516.561         705.286
       8343.986       -7929.481        2344.447
       9922.603        1952.788         232.143
       3753.091        7923.425        2031.013
        175.504         480.848          16.086
       4980.075       -6876.298        1674.407
      -9144.743        -662.267         240.619
        651.729        -369.796          43.445
      -6421.923       -1057.000         121.876
      -3168.460        5785.106         141.900
       3240.184        9218.815        1280.235
      -3331.655        4932.537         519.520
      -4832.348        5112.037         814.275
       7069.817        6427.784          56.480
       -651.876        -776.764          35.721
        949.821      -10784.007         243.922
        637.418         277.055          47.007
       -173.337        2125.981          62.359
       2427.570        4208.648         518.293
        686.474        -625.591          34.341
      -1033.107       -1097.604          19.738
     -11035.434        4080.370        2363.707
       -854.748         536.094          19.265
      -2025.189        3597.817         761.019
        281.243         551.145           5.783
      -3803.565        3926.374        3464.439
       -810.694        -476.091          22.062
       -573.359        -240.145          60.173
       2692.216        8308.942        1199.717
         35.307        -608.791           0.355
       7929.481        8343.986        2344.447
     -11601.244        1441.213         203.678
       4106.346      -10087.613        2661.159
       -479.835         793.803          53.783
       -609.045        -729.636         194.764
       5202.256        6139.359        3017.817
       1676.117        4155.308          42.437
        724.694         520.839          14.828
       5980.885        5020.340         833.948
        382.296         554.970         113.377
      -8895.273       -6513.534         180.289
      -2692.216       -8308.942        1199.717
       2095.387       -6026.780         645.852
      -8027.928         350.574          23.538
       -572.482        -907.551          39.850
      -7069.817        6427.784          56.480
       -122.249        -550.623          22.098
       4353.244       -7787.077         331.557
        753.043        7479.595          30.739
       -441.964        -427.810         184.872
       -662.267        9144.743         240.619
       2516.370       -6881.014        2414.404
      -5839.905        7207.395        1272.773
       -559.769        -385.238          82.918
      -1842.318       -2193.668          32.379
      -3120.877        7408.035         292.392
       7640.415        7078.196        6297.534
       6223.976        9244.335        4155.828
       -728.779        -202.115          24.579
        321.580         552.466          76.786
       4325.340        4505.500        1302.282
      11281.696        7830.553        4667.516
        642.145        -328.640          16.589
       3096.682        1547.354         904.891
        490.481        -706.438          14.588
       1868.603        6225.588        1157.069
       -428.030        -475.929          47.690
       -664.440        2927.844         266.479
        394.904         724.440         153.752
        438.637         567.298           1.334
        321.051        -899.422          10.951
       7171.179        4588.916        4119.795
       9180.316        4290.852         744.947
       2412.297        1130.073         183.804
       -274.457        -799.791          19.815
       2396.032        2747.505        1089.151
       4023.152       -9103.516        1738.993
       3019.401        2145.129         290.213
      -1547.354        3096.682         904.891
        664.440       -2927.844         266.479
       3256.123        2002.349         709.283
      -7113.836         700.888           9.107
      -2158.994        5571.445         800.627
      -3173.545        5301.518        1195.789
       -244.007        -372.616          41.095
       8768.823         912.287         133.040
       2748.097        1219.199          44.971
       -784.786        5368.792         401.460
        799.306         242.613          33.571
        704.344       -5350.233         163.737
       -342.472        -208.382          42.581
      -6204.115        5705.095        3596.555
       -748.091         195.165          21.760
        510.002       -2491.136         143.324
        423.942        -588.549          69.844
        949.821       10784.007         243.922
        590.717         598.040         245.232
      -5006.681        3980.180        3079.627
      -3597.817       -2025.189         761.019
       -366.088         472.891           6.700
        254.890         474.838          66.589
       2068.018       -3120.587        1079.030
       2190.284         799.906         699.885
      -1957.988        3624.435        1345.084
       -628.575         373.545           5.018
      10135.292       -5334.985        2322.155
       -608.160        -966.023           4.532
      -5326.853        3786.866          79.019
        441.956       -7113.108         176.142
        426.221        -537.684          12.567
      -8768.823        -912.287         133.040
       4776.494        5516.561         705.286
      -7938.776        2502.572        2343.643
       -668.383        -534.933          27.536
       -674.615         467.686           4.752
        238.038        -424.034          11.528
       1957.988       -3624.435        1345.084
       -720.317         299.538           4.055
        597.498         320.934          20.543
       6508.934       -6406.328        2321.460
       -663.390         631.407           3.182
       8358.302       11926.179        1544.821
        260.005        -467.491          25.725
       4932.537        3331.655         519.520
      -2516.370        6881.014        2414.404
       -805.762         380.985          77.187
       -504.798        -559.175          25.169
        759.832         444.405          51.664
       -271.643        -571.632         214.877
      -4728.468        6452.986         376.297
       -431.759        -513.392         133.342
       -423.331        -615.372         152.238
       5591.295        1200.374         392.636
        208.019       -1832.385          93.248
      -3781.875        1685.483         358.491
       -506.158         466.128          40.233
       -590.180        4997.168          77.052
       7414.631         715.288          12.239
       -518.530         574.570          14.017
      11876.431        1978.759        1286.779
       -601.871         492.475          17.834
        274.832         434.404           0.018
        717.233        -208.883          88.014
      -6538.027        2240.998         470.856
        581.832        -715.539          15.818
        666.363         603.668          52.979
        342.668        -371.837         158.462
      -3639.982         490.458          75.068
        284.002        -921.942           9.658
       -834.816        -709.311          21.012
      -6516.886        1108.672         587.625
       -195.775        7717.026          27.457
      -9180.316        4290.852         744.947
       -563.552        -539.858          73.688
       8883.481       -5407.632        3119.714
       -653.580        9178.855         542.328
       6516.886        1108.672         587.625
       -464.936         514.213          50.186
        208.019        1832.385          93.248
        813.931         531.843           3.360
       -660.015         597.020         150.906
      12036.247         136.115          53.654
       -387.569         -76.376           0.018
       1541.553        2904.949         694.442
       -556.173        -458.964           1.149
       3781.875        1685.483         358.491
     -13013.446       -6268.600        5382.716
       9410.902       -8331.175        1854.057
       -907.145        -779.652           4.643
        536.083         349.379         174.016
      -2700.376        4896.435         535.682
        327.763        -535.703           3.868
       8760.207      -11357.275        4630.955
        483.534        -562.183          71.106
       1486.678        4583.103         478.154
        211.170         477.334          54.708
       2683.832       -4379.414         789.896
        168.214       -2275.601          15.231
       1239.062       11309.316         921.590
        321.580        -552.466          76.786
       -553.336         506.258          75.784
         31.202         171.998           0.374
     -12558.074        6835.349        1613.748
        395.482        -527.373          78.932
        162.957        -273.881           9.547
        287.336         474.384          40.390
        762.577       -3553.035         189.210
       -789.057         330.930           0.074
       -214.502         465.232          29.347
      -2224.290        6934.814         230.763
       3171.692       -1554.151        1005.670
       4313.576         351.273          13.359
       3314.941        4951.598          29.373
       7326.780       11359.224        2596.900
      10135.292        5334.985        2322.155
        646.953        -916.249           6.943
     -13254.256        9677.618        1759.050
        775.673         249.516          39.814
       9489.303       -9331.908        2724.457
        625.759         439.096           1.118
       -248.703        -780.394           4.747
      -8644.100       -4492.195         330.238
       1732.617        2396.755         559.262
       -469.991        -202.890          24.580
       -715.227         471.451           6.646
       3597.817        2025.189         761.019
      -5061.661       -5002.573         961.730
     -10079.597        1003.690         425.327
      11611.596        3908.815          49.666
       -385.539         514.828          10.272
       4504.099       -4811.687        1905.179
      -8563.708        1803.153         246.959
       5678.070       -1207.429         446.210
       7207.395        5839.905        1272.773
       -817.189        -543.051          74.341
      -3908.815       11611.596          49.666
      -1887.537       -4345.842        1035.020
       2224.290        6934.814         230.763
       5455.685        4262.826        2400.425
      -4932.537       -3331.655         519.520
      -7589.614       -6401.800        3344.762
       1704.368        6237.608         442.984
        346.962         351.450          14.072
       2271.663        1546.165         224.934
      13254.256       -9677.618        1759.050
       4318.203       10480.158        3759.607
       7717.590        6421.994         288.633
       3481.051        -533.950          71.966
        429.237         860.380          78.630
       -733.127         287.441          38.117
      -9794.133        8326.027        5016.386
      -1750.542        5558.122         160.928
      -5455.685       -4262.826        2400.425
       1750.542        5558.122         160.928
       6742.283        3522.812        1717.653
      -3240.184        9218.815        1280.235
      -4588.916        7171.179        4119.795
       -753.043        7479.595          30.739
       5509.634        2939.450         853.254
        808.331        -775.805           4.170
        392.355        1833.770          96.413
      -9677.618      -13254.256        1759.050
       -457.986         354.272          71.225
       3271.400        5121.394        2700.989
        819.958         290.045          10.657
       -183.758         596.930          37.140
       -668.511        -988.018           0.056
       -434.558         339.746          29.066
       -474.609        -332.662           0.900
       -266.852         837.824         121.113
      -2190.284        -799.906         699.885
        361.398        -554.584          17.772
      13031.044      -10788.990          64.033
        288.060         375.698           2.505
        829.874         351.950          30.262
     -11749.799        4860.099         840.942
       -360.769        -316.908           4.182
       -508.090         346.042          28.005
      -3785.407        1648.205         398.238
      -8358.302       11926.179        1544.821
       5980.885       -5020.340         833.948
      -5497.526        4967.769         410.046
         74.010         124.971           6.880
        462.722        6929.115         338.116
       -689.330        3210.449         620.744
        672.930         691.450         126.584
      -1469.149        5936.702        1278.068
     -11557.893        7245.065        7171.651
      -4353.244        7787.077         331.557
       1486.473         799.785         167.837
       4519.398       -2054.261         592.481
        350.574        8027.928          23.538
       4712.513         727.689          17.958
      -7717.590        6421.994         288.633
        644.249         427.124          49.081
        571.177        6551.906         386.598
        554.196        -515.593         128.126
       -721.278         848.492          19.143
      -4262.826        5455.685        2400.425
       -544.987        -422.724         216.942
        689.436        -816.683           0.439
      -7830.553       11281.696        4667.516
       4278.264         135.866          25.998
        679.223        -340.115          31.736
       8192.807        7750.644        4175.600
        369.204         510.066           1.207
        346.725        -749.769          26.964
       -815.048         578.537           4.831
       1097.604       -1033.107          19.738
       -599.511        -863.857          19.810
       -530.935         477.460          18.007
     -11357.275       -8760.207        4630.955
        616.661         672.899           4.281
       -342.292         552.243          62.081
       2683.832        4379.414         789.896
       -459.501        -343.127          12.209
     -10086.149       11242.490        2654.205
       6223.976       -9244.335        4155.828
       3624.435        1957.988        1345.084
        728.243         629.458           0.330
       4978.490        6538.016        4028.175
        323.578         199.968          63.951
       -456.347         557.822          22.478
       9489.303        9331.908        2724.457
       1838.356       12110.825          75.226
        713.206        -272.993           3.772
      -3090.051        2320.534        1371.875
       -925.895        -583.898          34.183
       7549.781       -8671.465        5527.551
        167.746        -683.827          17.144
        158.187        -514.222        1036.971
      -1200.374        5591.295         392.636
      10389.104       -9594.824        2372.923
       -504.198         727.460           6.643
       -396.719        -566.469          12.829
       -313.903         576.667           7.785
        653.580        9178.855         542.328
       6323.585       -2894.155         903.600
        784.786        5368.792         401.460
       9609.812       -6912.740        1679.862
       -336.396        6081.253         108.449
       5678.070        1207.429         446.210
       -547.500         693.910          59.304
       -601.528        -146.936          38.074
        369.247        -415.634          15.151
       3525.496       -4621.361        1214.072
       -534.841         412.696          10.970