246428
14050
1726
97719
29233
2634
121285
6321
2755
117485
7025
2930
194098
12158
3572
183758
24984
3470
131360
18683
2508
256637
14202
1522
106683
8700
2700
237672
5476
2376
56650
30388
883
86411
24732
1072
92924
28207
1585
136420
32679
3891
125074
15969
3178
152428
29515
599
188796
14417
3392
74916
15020
2381
255402
8645
2171
110697
18093
3406
200325
13060
3429
112877
14664
1727
72694
24262
2407
193977
12130
1525
129452
27715
2700
195295
11955
2544
89275
11398
1538
129521
26956
3595
104617
15603
1420
78926
14988
2296
129715
24777
1769
97959
27300
2429
154589
15549
3735
40347
23890
1493
124499
23615
1090
125865
25674
3686
201981
28528
886
117975
22062
2563
148854
25981
1679
167125
8864
1521
199818
11924
559
241438
7029
2307
66504
22606
1216
115205
7919
1571
36012
10806
1441
250132
6582
1633
145378
17193
3663
185127
13840
3564
74038
6876
2131
202485
21613
2049
66680
11477
3447
103035
27402
1359
72478
12003
3191
67634
32117
1603
184263
29063
3660
120517
24738
2685
207515
28658
3561
100838
21266
1903
194682
28132
3133
49696
22950
2272
243426
31099
1125
74204
25117
2096
103033
26777
1422
165062
31147
2236
214128
11160
950
175688
18047
719
175995
22619
1727
233491
10000
3389
94709
8313
2595
105657
20529
1075
105020
6673
3324
181632
22890
2796
256521
24145
2966
216257
32243
3937
137274
13132
2404
174250
30880
3590
54434
15770
3032
202037
31028
1662
165625
22857
798
51138
18005
2094
35292
17490
2253
84908
7516
636
115887
24064
1449
36493
14332
3694
174292
20278
2115
126555
29698
1118
224806
28871
1171
192632
24765
1139
121612
10750
1891
80776
18561
2057
69846
25489
2404
210213
18155
1194
77779
32085
3191
213294
6282
2124
88395
26115
1218
244504
6377
1396
84243
23759
3953
118519
7454
3721
172116
12202
908
80917
11198
1050
47404
11851
2061
83767
26523
1890
251627
16630
1996
67717
15840
732
142888
29429
916
146922
8019
3137
142652
9198
2311
243884
14622
2120
125458
12860
1549
207544
19829
2734
212130
10473
2761
38953
10215
3610
213181
31232
1659
74075
30350
3816
142211
17177
2957
80014
7859
2198
151255
24370
1494
233365
29260
682
101717
14739
2609
183930
30799
1293
215736
26501
1338
113585
12350
821
84743
25042
1105
245950
21469
3286
261352
8050
1773
40711
5349
839
150463
16098
2424
41636
19981
3043
220136
16423
2780
130839
9794
2059
252073
25845
1717
260002
16912
1699
145302
15726
3401
150506
22015
1021
97830
17941
1036
166725
10812
1299
69531
10914
2468
93129
24789
1150
244300
9635
2203
61871
11827
2280
63514
30383
590
232935
32009
3971
211325
6545
3409
68261
21988
653
98048
16156
3758
77151
20740
1220
209797
639
641
4750
16130
102072
192027
7066
3287
42274
10518
3522
112573
12535
3376
217223
27309
2935
197577
13762
734
229095
30658
1974
246247
18192
2354
166042
28273
1302
156614
18832
2537
146023
18365
3425
117224
15381
3981
149248
7862
840
163255
9049
1226
158943
18302
2889
182580
21986
2650
176737
15791
2338
247997
9130
1665
50921
14600
2364
218861
23942
2459
33795
7799
3335
95315
24620
3883
55451
10204
940
218526
28916
3547
61548
5266
2031
115845
10774
3966
105952
19580
792
187238
9652
3052
56202
32589
2339
170783
26938
609
156952
17158
1502
98771
24704
542
229445
30639
598
57226
30497
1609
96217
12990
3239
151732
4421
2766
151690
29512
1594
122880
21703
2260
140995
27339
2443
211968
14995
691
260131
15573
612
227636
15980
3641
79603
29807
3191
220439
28989
3355
255527
25636
2718
92105
16471
3365
99468
30621
1761
95026
25754
4082
226884
28372
776
117223
13355
3116
82704
20219
1660
117352
26218
2486
204147
19073
2754
102201
29865
2429
49353
18851
3385
153283
22971
912
106075
32235
2660
157818
31809
2922
166327
23993
3484
127189
17741
3672
153016
24930
2042
161266
25515
3148
45515
30197
3582
156952
15210
2224
56372
21925
4054
206697
4920
993
242230
22208
2157
237320
31652
3139
223717
14667
1634
256418
29614
2555
189994
30374
1161
132481
11313
732
221559
5434
3281
125169
24446
1151
140294
11595
1330
236599
15122
3306
96928
4391
3599
126674
11543
3494
235935
20513
1607
252217
5597
2037
202135
29775
1211
102109
14040
3665
74365
25154
2203
233719
27667
1748
240823
6009
3131
161963
30102
2440
35983
17506
744
37265
19626
2871
51941
31517
516
43108
9474
2291
66104
13810
687
116251
12644
1462
80879
28914
1117
124780
6204
1460
79399
4442
1289
141064
8220
2574
183969
27023
1416
85719
25710
3114
33472
10839
2821
58052
22248
1907
82615
29827
1586
47542
22468
2325
99598
16855
3773
111909
4413
715
94932
4635
3113
74425
14927
1272
121021
9909
1961
229007
25519
3107
46613
22314
1319
125194
29724
848
58682
24570
2820
65208
15500
2148
167895
30348
2660
227553
26359
1177
164915
24506
2124
124945
22333
2313
86070
27899
2710
219240
11522
1811
106325
14734
2313
148145
18054
1193
161306
31700
3322
140216
17022
3450
48620
26524
2583
66090
9021
1423
247784
9672
1295
69714
18562
1528
232432
17355
2185
238063
5959
617
189358
5098
3032
157644
32660
665
202207
30037
1909
119587
30778
1628
115384
11266
1900
153441
7823
3991
252957
10576
4033
183098
6342
2777
174035
9267
1506
54267
29067
751
106214
14962
3379
60826
22512
1053
87492
30527
2777
140063
16837
1648
169387
9346
2600
32917
7512
3442
84899
7650
1196
158679
27174
1668
191545
10245
1775
59026
28072
1208
239360
17159
3836
133325
12175
2023
131118
8429
2009
86690
25331
1952
235142
14189
3261
46395
13939
1248
142890
26379
2630
248529
13008
1555
98204
10906
1780
251854
23218
1068
212708
5123
2284
211167
14634
3563
68363
5492
4023
68363
19235
886
249659
28074
1072
92103
9977
887
74715
25865
2358
141697
6185
862
193067
30356
1159
175350
28376
3287
85592
18513
3955
36938
27348
1647
233324
10266
3478
142855
13993
1675
60839
24193
2972
91951
6090
2337
45865
25245
3846
63922
5699
2043
69028
30786
1484
100407
21673
3904
88617
21023
2683
66718
29506
2772
89902
16867
2207
250559
11119
1457
246221
5691
3375
149549
20535
3809
181159
10399
2609
261664
9987
840
33130
