741240
33346
3276
276661
71055
5110
354703
14263
5275
345351
15553
5562
573054
27600
6766
546722
60634
6620
400440
44373
4720
765175
33574
2764
320277
20776
5220
720150
12544
4510
156516
73256
1557
250611
60234
2056
265370
67051
3053
412344
77645
7455
364220
37133
6156
451550
71507
1131
560566
34113
6472
222244
35260
4511
762652
20707
4167
330153
43247
6510
607201
31410
6551
334357
34512
3271
215760
57312
4553
572675
27534
2771
374656
66105
5216
575331
27261
4754
256277
26210
2774
374763
64512
7013
314253
36361
2606
232110
35220
4366
375265
60311
3351
277245
65250
4573
455735
36271
7233
116635
56516
2725
363127
56103
2104
365645
62112
7150
612375
67556
1572
346323
53050
5005
442560
62577
3223
506321
21236
2761
606210
27224
1055
727434
15567
4375
201710
54110
2300
341011
17363
3041
106260
25072
2635
750420
14672
3135
433736
41455
7111
551451
33012
6752
220472
15332
4117
613361
52147
3777
202170
26327
6573
311171
65414
2515
215434
27337
6163
204062
76561
3075
547711
70607
7110
353303
60244
5201
625235
67762
6743
304740
51416
3563
574174
66736
6067
141036
54650
4342
733336
74565
2141
220732
61027
4064
311163
64235
2614
502306
74651
4270
642164
25630
1670
527104
43201
1315
527567
54131
3271
710027
23416
6473
270757
20175
5037
316265
50065
2063
315066
15013
6376
542604
54546
5356
765013
57125
5632
646275
76765
7535
414070
31516
4544
524250
74242
7004
152246
36636
5732
612463
74460
3174
503371
54511
1442
143702
43117
4060
104730
42116
4321
245654
16540
1200
342253
57000
2647
107207
33770
7152
524324
47470
4107
367127
72000
2134
667050
70301
2223
570164
60301
2161
355420
25002
3541
235610
44177
4005
210326
61621
4550
632447
43357
2244
227725
76523
6163
640454
14214
4116
254515
63001
2304
735422
14353
2570
244427
56321
7557
347361
16442
7213
520122
27646
1612
236027
25670
2036
134446
27111
4017
243467
63637
3544
753347
40362
3710
204207
36736
1336
427046
71361
1620
436754
17517
6073
426472
21756
4411
734246
34442
4114
365016
31076
3007
625262
46567
5250
636246
24345
5307
114043
23747
7034
640271
75000
3173
220533
73214
7346
425607
41431
5615
234216
17255
4222
447327
57454
2722
707617
71112
1254
306525
34625
5061
547176
74121
2407
645264
63603
2476
335653
30072
1457
245403
60716
2117
740302
51741
6326
776354
17564
3353
117405
12347
1505
445677
37340
4564
121246
47015
5735
655752
40053
5340
377423
23102
4015
754243
62357
3261
773642
41020
3243
433622
36562
6507
445746
52777
1773
277040
43025
2014
505511
25074
2427
207625
25244
4644
265715
60327
2174
735114
22641
4235
170655
27063
4354
174032
73263
1120
706753
76403
7575
634571
14613
6523
205251
52746
1221
277404
37426
7254
226541
50404
2300
631603
1175
1175
11212
37404
307274
567025
15632
6323
122442
24426
6702
333675
30363
6452
650201
65253
5563
601703
32702
1336
677347
73676
3666
740743
43412
4464
504232
67165
2430
461700
44620
4755
435153
43675
6541
344754
36027
7611
443400
17266
1512
476673
21525
2314
466335
43602
5515
544464
52746
5134
531145
36655
4446
744275
21652
3201
143347
34412
4476
653353
56610
4631
102007
17163
6405
272115
60050
7445
154225
23736
1660
652636
70356
6737
170156
12224
3763
342211
25020
7602
316744
46200
1426
555550
22662
5756
155604
77515
4435
515443
64476
1143
462422
41402
2734
300727
60172
1032
700101
73653
1132
157604
73441
3107
273723
31300
6245
450270
10507
5314
450216
71506
3066
357772
52311
4322
423277
65313
4605
636002
35225
1265
774045
36331
1144
674456
37146
7065
233365
72151
6173
656423
70471
6433
763041
62040
5242
263713
40123
6437
302216
73637
3343
271466
62234
7762
673104
67322
1404
344753
32055
6054
241422
47373
3174
345150
63150
4664
616561
45175
5306
307475
72255
4573
140305
44635
6473
453301
54665
1612
317137
76755
5144
464170
76077
5556
504667
56663
6634
370327
42507
7132
452670
60540
3766
472764
61645
6106
130713
72763
6770
462430
35556
4262
156064
52651
7724
623547
11464
1745
731070
53274
4147
717404
75650
6103
664745
34511
3140
764644
71654
4767
563050
73242
2207
402575
26053
1340
660563
12464
6313
364357
57572
2175
422012
26505
2460
716061
35416
6346
275232
10451
7023
367322
26431
6646
714637
50035
3111
754473
12735
3763
612625
72113
2267
307331
33332
7125
221175
61102
4231
710365
66015
3316
726273
13571
6065
474247
72632
4604
106211
42140
1342
110617
46250
5471
145351
75433
1002
124150
22374
4355
201074
32766
1251
343025
30540
2670
235757
70360
2127
363552
14076
2670
233053
10534
2415
423402
20040
5016
547233
64613
2612
247331
62152
6044
101272
25131
5403
161302
53344
3555
241267
72205
3064
134662
53676
4431
302412
40723
7273
332443
10477
1311
271330
11033
6053
221267
35121
2370
354271
23267
3643
677215
61655
6047
133017
53454
2441
364414
72040
1516
162476
57764
5400
177262
36210
4142
507723
73212
5142
674341
63363
2227
502057
57672
4114
364013
53467
4413
250062
66371
5224
654150
26406
3425
317531
34616
4411
441257
43212
2247
473032
75724
6374
421662
41170
6570
136754
63632
5031
201056
21473
2621
743754
22714
2421
210114
44200
2764
705752
41711
4205
720757
13503
1155
561662
11746
5726
463714
77626
1223
612735
72527
3561
351443
74070
3130
341272
26006
3560
453545
17217
7633
756037
24522
7703
545472
14306
5323
523715
22055
2736
151771
70605
1357
317350
35166
6465
166624
53760
2027
252704
73501
5323
421437
40711
3162
512645
22176
5052
100223
16532
6566
245635
16736
2246
465725
65046
3210
566067
24001
3363
163222
66646
2266
723374
41403
7366
404321
27621
3745
400052
20351
3723
251236
61363
3634
713202
33553
6277
132467
33165
2340
427056
63405
5106
745321
31322
3023
277632
25224
3366
753714
55266
2050
637346
12007
4352
634333
34452
6747
205417
12570
7671
205407
45443
1564
747471
66652
2056
263711
23365
1573
221725
62403
4472
424603
14053
1542
571051
73222
2201
526362
67326
6325
247122
44113
7565
110114
65320
3157
707556
24030
6632
427007
33251
3205
166651
57201
5630
263455
13712
4445
131453
61237
7400
174666
13105
3773
206642
74074
2714
304071
52251
7502
255043
51043
5177
202236
71504
5326
257460
40735
4241
751303
25553
2655
740713
13075
6453
444057
50065
7333
541645
24243
5063
777044
23401
1510
100556