20634 31423 261
11009 21970 32126
26318 16336 5158
24196 14586 3545
28583 16746 23879
12847 26160 28020
31615 31940 29174
30159 5290 31442
31327 14103 6786
122 18200 19997
6951 30124 10594
27622 21780 27206
20396 10999 18258
13696 30567 18895
4587 9351 28950
28342 15010 31848
10916 22709 10721
21296 13307 8678
29683 1105 29138
30446 17011 17480
29382 26567 29189
6013 6829 13763
14404 12395 6183
17101 26107 30976
22645 1522 6551
19271 28047 10529
30172 7492 6768
13359 12504 9248
31157 26910 3861
12934 29286 13727
7955 22092 28436
24021 18677 31062
2852 17500 1659
2487 10858 29578
22320 27930 12026
19445 17637 17249
16698 31797 3165
15499 24124 9707
15946 1499 8267
21506 27768 4662
30148 9780 14153
16846 14888 21968
20321 11517 25966
30651 16290 5747
17822 8117 4955
18580 30363 18654
11452 25116 3136
10105 24462 22021
8879 18415 9249
8874 18662 7959
30341 1068 31124
28596 13820 9749
5674 10560 6320
6203 6196 9192
1954 2792 27882
24023 30435 5687
12034 7607 3590
4289 13001 7797
13525 14713 6258
10309 22595 14549
22702 15079 31650
15663 32637 11560
27158 13930 2371
26027 7242 29912
5662 4329 9825
12123 26487 30839
16944 13515 23511
24456 18858 19608
23804 2226 13723
2737 29741 18677
29850 6820 30922
19449 11832 17926
3367 28055 18046
14869 23962 19611
13719 20636 21971
31432 1993 24599
16492 28189 6570
22296 1217 5975
25744 9961 30466
16823 28489 16755
28295 8197 14092
11870 5731 10965
9392 31610 11323
13321 25116 3166
8537 21399 9215
3407 20988 4493
15297 3427 18162
29010 1465 997
13673 16942 1952
17660 12547 22796
21317 10632 17448
6015 387 28237
25248 25604 22896
3667 27233 30599
30680 7308 9893
9256 2794 24760
2368 31038 30256
15238 3633 26780
29381 5628 32119
20756 32706 24600
32550 4666 14073
25272 13753 3434
23014 26807 21162
14349 10978 857
22848 8983 26266
28137 937 7124
29120 21664 32328
18917 3840 713
27984 28294 12598
15395 28818 10514
15838 17799 6547
25800 21451 24778
2018 21455 27165
16357 8104 7032
23405 13139 3713
5572 12618 6075
4746 19494 17385
18127 14268 3977
536 3956 32632
20885 30068 31011
9826 9006 22236
22159 31859 31806
18213 27528 842
12469 15 10783
18115 14030 4472
19211 9163 8851
32464 17739 29043
31395 20685 26893
16451 18995 28512
8655 9168 5203
22503 9156 14992
3186 932 2169
26606 14373 4718
7864 29850 24100
3494 29101 2339
26261 22381 19271
14023 4238 6676
13793 650 8405
19412 16674 9861
28138 6848 3617
32129 27975 21751
26317 19652 9702
8478 25741 24619
11268 6926 27171
11385 2597 10441
29910 27631 15192
7091 2256 26909
6844 29183 15557
27639 27715 19559
10453 32043 25270
27680 15540 29618
18169 19725 16648
165 9361 12339
2066 11603 8035
10861 4497 32656
22206 2912 9699
14416 31132 12466
11374 24692 28709
6519 16702 6115
15989 19948 19951
23261 1183 28520
10702 12684 16370
1167 1339 32220
12667 21961 9298
23437 3530 28147
11466 18055 23033
4948 2844 31597
6635 19666 13032
18036 13266 18277
16021 13430 11508
12237 12857 23106
9134 21632 26040
9783 10937 9191
23087 28689 27052
23241 32403 15106
9922 30472 10133
24069 7646 17035
16073 1647 18636
2683 27912 18630
31946 22194 17427
13271 327 13680
11128 6659 1002
28496 5306 1242
3542 14203 15020
1771 24109 11292
28702 24537 19922
15124 16827 9906
8308 16110 28466
28285 26312 26645
32660 6418 22037
17988 29949 19503
14582 1599 25463
15559 23900 14273
28443 17565 9170
12213 30074 30226
5125 23208 26171
8763 6787 4991
3845 1335 21443
21093 24223 3264
2150 18440 25429
27903 16060 14597
2206 30629 1418
11680 22525 26935
23562 18873 16677
8361 23348 24828
11616 29999 1084
6999 25137 7760
22620 15793 30520
25148 7635 27353
25431 32351 30254
28860 25875 32310
10694 30172 19005
29794 19594 6909
23249 18939 8190
25889 27422 6182
22148 951 22823
16362 7131 18192
31050 13375 1765
23314 13855 10856
22701 6704 26531
9347 11432 3226
9622 2655 32315
26544 6433 17549
10110 8637 4540
3514 15680 28130
24911 28220 27723
13392 17303 5610
15336 23226 21708
2097 22950 28939
23425 20068 21080
5716 27083 9300
23645 10760 6565
21281 5924 7531
26771 11855 25582
31048 30342 26396
15318 27618 11264
10769 9999 29486
2936 15064 14702
30527 12800 589
14376 26882 19237
17111 19676 14635
31767 26361 27092
15215 2570 7716
17288 18932 16347
15312 867 15622
22263 3275 6090
2827 26489 5840
17755 9401 9106
30299 23922 24966
25134 20156 15858
4192 15572 106
32322 159 17614
6555 28053 5944
5003 13585 18031
17459 14913 15159
15205 27743 21718
14700 16676 6980
17409 17311 14772
4441 21165 5148
25854 631 19102
23973 14988 6286
15446 965 4241
3735 32314 11617
13353 30665 9969
26000 22241 1808
1805 16045 30074
27323 26093 11178
7146 4212 1505
934 10916 25974
13200 25538 281
26362 25751 25393
12671 5874 10611
19855 8657 10490
30369 22388 15895
31628 2307 328
8167 12659 27014
7257 20268 32642
21506 9770 38
645 1378 28175
29362 12664 13572
14582 22220 16375
15715 22408 23122
1270 14323 25201
17418 14770 4172
4347 16359 9447
21131 24034 16520
1604 14581 28260
6658 22044 15582
28567 14815 11614
11978 24063 8295
27079 6609 27488
32542 25174 30280
30417 8333 16385
28573 19218 32069
20134 16771 5919
8738 23108 28751
21765 19405 27755
24738 4853 23428
32241 4681 21143
2334 28903 609
29344 30281 26315
30911 22183 1815
18175 17551 16693
9145 2426 11322
5147 18314 6590
5262 27400 335
26122 8985 17498
18620 28368 24533
11317 19771 27241
6667 7634 8682
20744 5233 3866
27362 25837 15509
23156 28607 2779
29055 31451 14173
1739 7570 20019
4319 28898 10164
20957 11766 30369
32687 3465 12896
15452 18902 8267
23726 29421 28139
9202 11339 30121
3392 23189 10426
1171 9245 23150
11807 28368 23138
11243 25345 16731
18285 3587 15182
19962 11582 21703
11423 7793 28377
5689 30654 10229
17900 6496 11110
21219 31666 15260
17481 10930 10519
16440 3671 18983
16925 15934 11070
22471 28798 8335
25133 9874 403
27698 7390 20206
27508 16621 13779
21474 11617 18450
31712 10372 3937
1436 3817 10677
1320 16250 31213
24587 14398 28459
11843 7695 32094
29067 17444 20137
14621 26861 9322
2008 30668 1385
32663 13734 15518
10104 13849 29020
19470 4286 5581
22770 30075 5926
4289 31433 8213
3636 20798 10653
7933 23191 20230
19637 4264 25598
18906 92 19845
22829 19775 6805
10719 31312 8578
26635 3844 23951
19962 13639 12199
25058 4237 30757
23427 17447 28277
11657 13889 2674
16964 16206 21916
14756 27430 1663
2755 2367 359
15818 23294 2424
13365 30769 27541
28558 13478 28675
25838 31835 20989
16907 4341 12585
11049 26887 14528
18118 6542 3420
1396 6875 14600
32007 26722 1913
12589 24535 20086
22773 9171 31705
8914 22006 25811
7700 25782 3532
24332 31607 21667
24835 19114 7696
31936 30776 6312
12927 6268 7468
14227 18857 8053
10775 5521 25265
30617 831 931
20772 4746 20168
24103 21363 31303
24270 7841 28071
4362 433 15034
23632 2156 11440
29833 13246 21455
13498 18 32628
6653 2432 8716
30170 27149 9935
11240 5170 14215
12317 30990 14029
25032 27234 20842
383 19111 2089
21799 11344 16472
31718 21946 2164
16017 17546 16419
20862 19180 26709
31855 7888 28813
4587 26242 2390
7940 939 17427
22900 28788 21820
23544 20796 6901
12136 4772 26341
4408 31278 12270
888 5738 12562
12820 6605 18778
20920 20991 10678
27357 6321 7368
890 25458 149
18044 24453 19490
14162 6684 7773
32426 32195 10984
17624 28892 9605
10973 2189 24387
8454 2685 136
2822 23006 17870
20034 3854 16739
677 21200 4203
20343 25636 17498
19956 25509 14210
14287 21294 15469
24074 29399 21104
30939 6247 6665
27204 22623 5918
3935 23055 11480
29788 5350 27125
13042 31474 1978
2551 17586 24222
18226 27742 6735
18828 7256 8029
3396 25372 13724
27122 4515 13286
2761 28685 22956
2812 15671 25076
22430 18542 18499
15078 4557 12564
5628 21246 31989
12167 19487 18523
20686 9841 25926
894 2784 14343
27228 23283 5017
9939 24660 6708
14749 13239 15898
28618 30557 7471
32458 1717 14059
9174 9249 20238
2061 14380 15665
14827 31888 13718
17752 27779 7902
20134 28530 11923
14035 3741 12622
6144 20685 5166
9055 16829 15106
27013 2228 32239
27927 7560 4906
23375 3566 605
14305 30672 3007
13612 10220 26243
31338 21286 16717
11447 11275 32710
3104 6756 14287
8278 6166 458
25351 28854 20005
4693 8315 21849
2686 23236 6657
3728 4800 13962
30798 12555 15467
10868 23819 1948
22423 29837 17196
16959 12774 21311
14717 5720 17847
18362 11133 13371
27036 22426 11376
13809 5135 4547
30896 27450 1888
23184 8516 9934
31218 17198 5555
28904 3751 28738
26 17157 12697
21458 10109 12521
11531 15970 19547
8932 2719 2909
13189 1363 5321
27831 21296 4457
3203 6609 22088
4912 26434 26013
27143 20682 10537
2 2503 30461
12157 26242 15636
12015 32602 18458
31750 16685 27812
24681 11725 27122
11583 3605 30094
17063 11395 10347
16750 25766 13034
22597 20460 10563
13836 30769 8051
11021 25806 16335
31791 27729 17366
15995 8225 18144
28226 26924 6510
2322 20121 16284
27389 25611 25601
19626 6976 3901
26547 1532 9554
17710 26285 20200
67 32124 9126
8853 12464 2078
21831 10589 6294
28140 5272 15734
31079 14946 4025
8914 23646 4769
21714 30275 21776
15798 18764 6115
21061 543 8514
5299 28933 31883
27442 21378 1526
21474 1017 2321
20709 28293 1790
14196 3746 3287
3757 15547 23825
27900 22823 13522
9598 23521 9527
12966 305 22396
23433 5257 19522
9813 22550 30680
23215 2117 26595
4059 940 25725
20203 25580 30522
6347 27225 14556
4603 19993 17147
10642 9029 30263
9204 13045 22901
22234 2481 14093
18566 17892 32030
15204 16098 31461
12057 26291 23671
6626 26663 442
8206 23382 8293
32624 24280 30071
21442 20572 23114
10938 26220 1347
26667 8601 11656
1283 24812 27028
28710 22975 18487
20854 29812 22844
25546 29401 27953
11403 13446 5868
23397 31465 1475
22644 14416 15331
1767 10001 31648
29886 9015 4035
20967 25877 3053
28332 5963 26308
10378 28184 27264
1285 24941 30394
27635 3801 30885
30008 32072 10410
25860 6379 5383
8494 25460 28640
31378 3470 12942
1058 32347 28872
11369 24123 595
29266 12976 4344
26278 26624 8440
12909 11941 14119
14672 26169 29187
20739 16153 23819
28229 20054 13336
28005 19572 28242
27593 10656 28437
31929 26870 5937
23643 25411 14729
27434 6298 27200
17567 28676 1279
27774 16093 30875
5759 621 14599
1146 30989 26753
31950 31065 29456
9432 11242 5604
7444 12317 21865
446 16831 9644
30023 7878 31239
16118 4670 32665
22947 7719 28127
10072 16319 11271
31458 30379 8180
3358 3515 27141
22391 29212 31598
3370 25233 18296
6819 18415 1615
2134 23293 26689
17018 14510 26280
3433 8137 19115
561 22670 11862
29521 7835 1660
18511 12899 20911
22180 27886 4484
10387 25443 18347
24220 2206 20359
14256 25981 4715
27919 27533 27847
15148 16690 25901
31240 4161 2467
31240 8488 22794
10004 9115 25349
2809 4345 13333
24410 17387 13966
17236 24037 16056
28955 26639 29385
30216 27510 4437
16945 26985 8906
5174 10038 14495
25752 16832 16899
2363 28155 6445
12598 27248 4144
27226 31370 11041
32341 31867 26291
22078 10353 3342
21642 18769 18357
15117 18282 6484
2 12904 13530
14790 15019 11186
21868 6654 7803
5146 31973 11454
18682 29086 15773
3595 11500 22395
23337 15164 14875
32488 20536 4434
12886 22531 27579
1415 20410 9996
18761 19498 8240
465 10433 25001
14903 16745 26929
10736 12004 15397
10998 6641 23846
23492 23845 8068
2639 25574 14890
15218 25552 31940
30639 460 20036
22045 11712 29826
9649 30324 14636
27696 21258 2680
7470 827 23288
18628 10316 14109
18905 15816 24704
13309 8458 5127
31382 32387 10593
11396 24789 28650
20222 7030 3297
14423 27204 23875
14560 23401 6690
22444 11228 23313
5015 31557 9576
1188 2677 6441
11399 5166 5989
16619 17865 8714
16171 15056 21687
3759 32555 29243
11377 24781 812
25704 5014 18841
26717 26461 16228
17252 12693 23838
2593 32371 20703
10017 26809 4107
27190 28161 25512
6091 13197 4470
5914 20287 5651
21637 32337 14257
29876 6644 3656
23106 15331 17665
25494 20026 7831
4692 1940 31133
9363 32049 4290
16383 28139 1266
8807 5016 20420
26293 3960 7323
11867 8018 9403
27332 14409 18832
24108 25904 26373
11416 2976 27762
26794 3753 10408
25315 22266 8206
27576 3897 24483
4685 20617 3420
16834 12194 8635
16757 17574 1707
17855 327 3030
32357 21236 26562
27733 26199 12048
1749 10020 22285
15810 27525 11529
30408 25238 10300
20367 30324 23064
22883 846 23258
11836 22578 5996
26135 18941 4039
1636 13645 28741
10358 17414 26264
6669 32097 11456
23364 32709 4168
31259 27197 20982
28578 24712 5830
25894 17132 14941
8046 21756 28993
25627 31040 25252
5675 11762 2875
4725 14521 1671
15874 19665 30929
17140 13268 1613
9928 10256 15549
13074 31024 6386
23310 2436 21745
3760 27660 22561
23452 15724 18661
29355 13307 2706
29672 31369 16621
14427 9716 1643
14960 27286 20529
27949 23808 26791
26111 14334 8992
16592 812 32705
15670 12463 17002
14771 15259 30472
22528 14158 7923
29381 17599 23918
17082 13115 13624
22195 22048 23983
24876 17702 22295
3097 32580 14111
17322 2343 8450
25446 30096 3461
2808 28824 23553
25180 23864 19404
1992 3353 8203
21111 15770 26735
2278 21389 678
20127 2969 11241
22381 14583 3018
495 5332 30872
17058 25712 8055
27773 11462 20685
25921 22713 5257
25696 22842 17152
3168 15639 24991
30825 28054 19810
27704 8306 12096
10064 7398 325
10612 757 19068
22842 6326 1038
15823 29084 30131
744 26385 20144
30002 23677 32090
8435 17479 3552
15496 23460 21705
7900 13641 5250
19975 8152 25462
4311 30135 16126
32419 9141 9519
14493 14580 16768
7896 9931 24626
27820 22495 29774
5405 24520 2605
30397 3332 6332
8858 29666 4500
10575 24413 5731
13038 28908 12999
5537 24572 9125
15922 5345 22788
17016 31028 32170
12413 26833 22808
22893 20002 4945
3214 28268 10310
17358 8097 9172
10087 9883 7146
28972 26629 7433
30979 23795 20148
20781 28991 20101
8817 14052 3736
14143 8498 7701
1001 22243 17089
14902 9822 7998
7625 17170 6952
31496 9009 4809
3445 31755 9130
25880 159 13448
21380 7130 4771
16342 16582 11471
17110 15948 28541
7325 4307 18529
4180 11028 1976
7442 1381 5302
2450 3972 10575
3447 28437 30699
3209 22721 20369
11178 7414 8891
1313 16572 27577
32459 16678 8274
1354 12122 17651
11453 4041 6871
4810 32399 9107
4606 11016 31997
4628 19290 10652
21896 3804 14344
22461 5853 28404
5567 1501 29433
29298 25101 16856
27792 19531 4835
15730 29616 23657
14420 30976 13730
20477 27546 1637
9233 7191 12122
30784 30573 1652
9513 20836 12434
12438 15438 2185
23973 22810 15817
29761 9791 18247
22933 13101 25294
5347 6443 25712
17208 19018 23367
17508 18625 193
15598 396 5934
32519 5040 24010
24874 1069 23851
28626 29674 13480
18384 6367 9741
23973 14570 677
11718 668 29659
14726 8764 26920
18089 14088 11313
5910 24506 28807
10722 30395 12508
15911 18991 5515
905 11789 25340
12520 8808 6095
1751 1336 15382
1064 7643 4922
25383 15601 1492
20378 20328 6476
32164 28867 17511
23075 24549 20212
16694 10961 28879
2710 23915 6686
17244 27853 30571
8049 31147 13901
6121 65 25762
20591 11945 10701
18136 5251 3210
21261 16050 7528
16067 31464 7116
22363 12141 5799
9114 16909 12098
1194 2383 6392
19620 5977 7421
22002 7137 19550
30206 16899 21685
1042 7316 2164
26896 19764 30412
40 31002 6369
31912 7984 18548
27328 30588 19609
6337 22910 20633
1160 3430 29562
13097 650 31885
23489 1370 26149
20848 13116 31935
1459 25556 8744
20979 25456 26835
5575 22399 30929
24799 1621 30717
19479 9988 22846
24446 1061 1389
13198 21546 28302
29482 20649 550
11251 24369 12604
16059 30348 11426
13939 1716 14084
17487 32109 15367
23434 24443 3821
26296 9509 28642
14162 31995 24391
18682 6857 30361
13734 28281 22977
12180 7239 11287
22943 24078 32219
23189 1459 8039
9295 30206 7275
24742 3999 26925
23751 9754 12011
12943 10253 30273
12236 17962 27582
27624 22504 20702
26568 13204 7364
16619 9469 30753
28122 14260 12228
681 25836 18627
27407 4519 20631
10764 3981 11100
19755 14710 11040
28530 24506 31639
13457 11232 18287
30655 1923 14605
31009 5433 23717
24888 31016 24013
4652 22295 1904
18825 22657 32702
20940 30658 5942
5059 8332 31061
7743 23456 12625
4146 30559 2904
13344 2076 27616
350 7862 3242
4743 27826 18971
8338 31175 7757
3706 6694 16949
2495 20784 18719
15676 14615 14627
10650 25618 14339
32085 18528 15082
14904 441 15466
29804 276 13893
22949 26978 17538
27720 242 14516
8991 5630 12657
9110 23963 9313
16127 31232 24929
30531 20989 11102
26234 5018 5204
20362 9390 5147
12213 15351 25581
2058 294 31023
27630 13392 9658
11391 5910 27342
17567 18928 3227
27633 14942 8826
26089 1670 2399
8821 17221 27088
13228 21584 5040
24024 25078 31621
5134 22021 31709
23500 18823 4588
5484 144 31534
16489 21987 6303
28384 22767 15290
14885 28015 7964
25058 8923 20992
1169 10830 18556
10418 23808 29106
19833 8321 6278
12427 11757 21609
30780 11615 14547
12238 28937 9286
10615 29211 12474
1961 29994 5546
31060 15946 8506
7652 18088 644
13601 4265 29225
18133 7421 7922
18683 17305 4160
16564 18508 4632
20649 18440 29671
30915 21875 12170
31494 19643 14028
10238 8040 3219
28040 10554 4772
6231 15127 2624
15805 10957 19892
25770 9974 30714
29920 18251 27112
5352 31247 31763
30161 3239 29089
25907 1583 18066
6163 13698 2446
8659 3959 2079
27294 27178 4385
7000 28552 2538
26532 13003 9090
7492 17661 25803
32418 19143 18701
22278 16367 1320
19533 11876 11710
6719 17085 13874
12348 13139 19229
639 31303 10903
15968 4550 13442
23028 21342 12750
24232 18185 10953
11215 23328 20593
22370 31702 22738
16452 13932 5994
3898 26592 11361
1904 186 10473
6629 22860 14133
3982 7416 11081
